Unnamed: 0,공원명,공원구분,소재지지번주소,위도,경도,공원면적,행정동
0,산들바람공원,근린공원,인천광역시 서구 원당동 986-1,37.60345169,126.7076502,63663.4,아라2동
1,아라보타닉파크,근린공원,인천광역시 서구 원당동 986,37.59694362,126.7057071,88897.2,아라2동
2,약수공원,근린공원,인천광역시 서구 왕길동 산27-12,37.58813039,126.6597086,95261.0,오류왕길동
3,검단중앙공원,근린공원,인천광역시 서구 왕길동 산14-3,37.58952551,126.6625746,587601.0,오류왕길동
4,새벌공원,근린공원,인천광역시 계양구 효성동 산73-11,37.530225,126.698672,131302.0,효성2동
5,마전근린공원,근린공원,인천광역시 서구 왕길동 산106-4,37.59770496,126.6604742,113000.0,오류왕길동
6,무주골공원,근린공원,인천광역시 연수구 선학동 134-11,37.43211381,126.6967883,850681.0,선학동
7,청솔공원,근린공원,인천광역시 연수구 청학동 22-4,37.4315716,126.6654368,301671.0,청학동
8,함봉공원(1단계),근린공원,인천광역시 부평구 산곡동 산43,37.48736071,126.7023195,55945.0,산곡3동
9,이승훈역사공원,역사공원,인천광역시 남동구 장수동 662-23,37.451671,126.746115,45928.0,장수서창동
10,장아산공원,근린공원,인천광역시 남동구 서창동 산 24-5,37.42468786,126.7533244,333049.0,서창2동
11,장고개근린공원,근린공원,인천광역시 서구 가좌동 1-7,37.49474058,126.6911607,25399.8,가좌4동
12,경명공원,근린공원,인천광역시 서구 연희동 200,37.5508632,126.6696767,24357.0,연희동
13,연희근린공원,근린공원,인천광역시 서구 연희동 산129,37.54285215,126.6628278,1032165.5,연희동
14,계양근린공원,근린공원,인천광역시 계양구 계산동 산 52-1,37.550131,126.7233835,344582.8,계산2동
15,월미공원,근린공원,인천광역시 중구 북성동1가 99,37.47110094,126.6038829,590614.0,개항동
16,청능공원,근린공원,인천광역시 연수구 동춘동 산 1,37.41649929,126.6693184,224955.0,동춘1동
17,장미공원,근린공원,인천광역시 연수구 연수동 137-3,37.42663202,126.6778426,1025454.0,연수1동
18,문학공원,근린공원,인천광역시 미추홀구 학익동 95,37.43657703,126.6722983,209546.0,학익1동
19,남항공원,근린공원,인천광역시 중구 신흥동3가 69,37.43526306,126.6286205,95000.0,신흥동
20,중앙공원,근린공원,인천광역시 미추홀구 관교동 14,37.44078785,126.6986523,351770.8,관교동
21,소래습지생태공원,근린공원,인천광역시 남동구 논현동 1-17,37.40736572,126.7463366,1511706.0,논현1동
22,십정공원,근린공원,인천광역시 부평구 십정동 산 37,37.47976933,126.7062528,110051.0,십정2동
23,원적산공원,근린공원,인천광역시 부평구 산곡동 80-99,37.51289785,126.6933776,215172.0,산곡1동
24,부평공원,근린공원,인천광역시 부평구 부평동 271,37.48934791,126.7146464,113123.0,부평3동
25,인천대공원,근린공원,인천광역시 남동구 장수동 산78,37.45859492,126.7519687,2665463.9,장수서창동
26,노을공원,근린공원,인천광역시 서구 청라동 12-6,37.53320392,126.6130722,225188.2,청라3동
27,해변공원,근린공원,인천광역시 서구 청라동 산 5-19,37.53854418,126.6155453,189769.9,청라3동
28,문화공원 3호(정서진공원),문화공원,인천광역시 서구 청라동 92-20,37.5329043,126.625708,145965.6,청라3동
29,문화공원 2호(창해문화공원),문화공원,인천광역시 서구 청라동 155-19,37.5329593,126.6426227,98987.7,청라2동
30,문화공원 1호(녹청문화공원),문화공원,인천광역시 서구 청라동 165-15,37.53300872,126.6548677,106642.2,청라1동
31,청라호수공원,근린공원,인천광역시 서구 청라동 106-2,37.5306152,126.6362978,690573.9,청라2동
32,박석공원,근린공원,인천광역시 중구 중산동 1911-4,37.4990143,126.5632013,351889.5,영종2동
33,은골공원,근린공원,인천광역시 중구 운서동 3124-1,37.48574899,126.4952777,392450.4,운서2동
34,씨사이드파크,근린공원,인천광역시 중구 운남동 1640-1,37.47860421,126.5571779,1770719.2,영종동
35,랜드마크시티 18 근린공원,근린공원,인천광역시 연수구 송도동 306-2,37.4268815,126.6300593,77873.0,송도5동
36,랜드마크시티 17 근린공원,근린공원,인천광역시 연수구 송도동 400,37.39593939,126.6252889,60158.0,송도4동
37,랜드마크시티 3호 근린공원,근린공원,인천광역시 연수구 송도동 326,37.40831042,126.6208499,81848.7,송도4동
38,랜드마크시티 1호 체육공원,체육공원,인천광역시 연수구 송도동 330-1,37.41253666,126.6325869,14864860.0,송도2동
39,글로벌파크,근린공원,인천광역시 연수구 송도동 191-1,37.3762118,126.6594509,87033.0,송도3동
40,솔찬공원,근린공원,인천광역시 연수구 송도동 12-8,37.3725361,126.6278979,157445.0,송도1동
41,달빛공원,근린공원,인천광역시 연수구 송도동 1,37.39543995,126.6593123,862486.0,송도1동
42,신송공원,근린공원,인천광역시 연수구 송도동 3-41,37.39049361,126.6584207,38920.0,송도1동
43,새아침공원,근린공원,인천광역시 연수구 송도동 2-1,37.39798134,126.6536494,104709.0,송도1동
44,미추홀공원,근린공원,인천광역시 연수구 송도동 9-1,37.38238717,126.6494992,160099.0,송도1동
45,해돋이공원,근린공원,인천광역시 연수구 송도동 5-1,37.38582193,126.6590477,210468.0,송도1동
46,센트럴파크,근린공원,인천광역시 연수구 송도동 24-5,37.39036508,126.6435679,370750.0,송도2동
47,인천가족공원,묘지공원,인천광역시 부평구 부평동 768-376,37.47748021,126.7167687,1553036.0,부평2동
1115,배밭근린공원,근린공원,서울특별시 강남구 개포동 181,37.48821488,127.0594681,11627.2,개포2동
1116,청룡근린공원,근린공원,서울특별시 강남구 개포동 649-1,37.48528514,127.0537972,9367.0,개포1동
1117,포이근린공원,근린공원,서울특별시 강남구 개포동 1239-21,37.47967612,127.0447815,16811.4,개포4동
1118,독골근린공원,근린공원,서울특별시 강남구 도곡동 461,37.484552,127.0468249,10022.9,도곡2동
1119,늘벗근린공원,근린공원,서울특별시 강남구 대치동 501,37.48928087,127.0563303,19812.3,대치1동
1120,대치근린공원,근린공원,서울특별시 강남구 대치동 512,37.495123,127.0699032,10408.9,대치2동
1121,개포동근린공원,근린공원,서울특별시 강남구 개포동 182-1,37.48970641,127.0682905,9705.6,개포2동
1122,개포서근린공원,근린공원,서울특별시 강남구 개포동 180,37.4885944,127.0635583,11219.2,개포2동
1123,늘푸른근린공원,근린공원,서울특별시 강남구 일원동 690,37.48951135,127.0773393,12067.2,개포3동
1124,대청근린공원,근린공원,서울특별시 강남구 일원동 621,37.49241615,127.0833736,14089.1,일원1동
1125,신사근린공원,근린공원,서울특별시 강남구 압구정동 422,37.526708,127.0212651,6800.0,신사동
1126,개포근린공원,근린공원,서울특별시 강남구 개포동 139,37.4830336,127.063861,90063.9,개포2동
1127,한티근린공원,근린공원,서울특별시 강남구 대치동 212-1,37.49524119,127.0622107,19200.0,대치1동
1128,청담근린공원,근린공원,서울특별시 강남구 청담동 66,37.52152002,127.0522736,59347.0,청담동
1129,청수근린공원,근린공원,서울특별시 강남구 청담동 134-13,37.523249,127.0584463,17402.0,청담동
1130,학여울근린공원,근린공원,서울특별시 강남구 개포동 183-1,37.48970641,127.0682905,12505.6,개포2동
1131,봉은역사공원,역사공원,서울특별시 강남구 삼성동 75,37.51391154,127.0554916,75635.7,삼성1동
1132,광평공원,근린공원,서울특별시 강남구 일원동 197-7,37.48651921,127.0921363,10746.9,일원본동
1133,강남세곡체육공원,체육공원,서울특별시 강남구 세곡동 산1-7,37.46693664,127.1126916,98417.0,세곡동
1134,세곡동 근린공원1,근린공원,서울특별시 강남구 세곡동 525-1,37.46058474,127.1038574,10310.4,세곡동
1135,수서택지개발(광평부근),근린공원,서울특별시 강남구 수서동 737-1,37.48674541,127.0971098,7569.1,수서동
1136,수서택지개발(대모산부근),근린공원,서울특별시 강남구 일원동 732-3,37.48093233,127.0805118,11588.6,일원본동
1137,수서제2근린공원,근린공원,서울특별시 강남구 수서동 749,37.48359088,127.0887929,44587.5,일원본동
1138,새뜰근린공원,근린공원,서울특별시 강남구 역삼동 765-30,37.49660384,127.0510177,427.6,역삼2동
1139,큰골근린공원,근린공원,서울특별시 강남구 대치동 888-3,37.49397694,127.054871,1688.1,대치1동
1140,학봉근린공원,근린공원,서울특별시 강남구 삼성동 50-3,37.51303694,127.0521038,1343.0,삼성2동
1141,샘터근린공원,근린공원,서울특별시 강남구 삼성동 16-4,37.51542123,127.0474657,1799.5,삼성2동
1142,반달근린공원,근린공원,서울특별시 강남구 삼성동 7-4,37.5162258,127.0428717,679.3,삼성2동
1143,배꽃근린공원,근린공원,서울특별시 강남구 삼성동 11-3,37.51628496,127.0446033,1592.9,삼성2동
1144,매봉근린공원,근린공원,서울특별시 강남구 도곡동 527-7,37.492112,127.0504068,6146.9,도곡2동
1145,길섶근린공원,근린공원,서울특별시 강남구 역삼동 757-1,37.49757437,127.0489095,1580.6,역삼2동
1146,영동근린공원,근린공원,서울특별시 강남구 역삼동 755-7,37.49801996,127.0486499,1293.6,역삼2동
1147,언주근린공원,근린공원,서울특별시 강남구 역삼동 754-7,37.49864145,127.0475791,1110.8,역삼2동
1148,송운근린공원,근린공원,서울특별시 강남구 역삼동 755-9,37.4993173,127.0490489,1175.0,역삼2동
1149,도성근린공원,근린공원,서울특별시 강남구 역삼동 713-15,37.5003029,127.0488318,1988.8,역삼2동
1150,갈매기근린공원,근린공원,서울특별시 강남구 압구정동 480,37.53139874,127.0345365,7732.0,압구정동
1151,싸리고개근린공원,근린공원,서울특별시 강남구 도곡동 550,37.48962828,127.0363246,15072.5,도곡1동
1152,도곡근린공원,근린공원,서울특별시 강남구 도곡동 산31-1,37.48946129,127.0440022,254648.0,도곡1동
1153,삼성은행나무근린공원,근린공원,서울특별시 강남구 삼성동 14,37.51651533,127.0457554,1500.0,삼성2동
1154,학동근린공원,근린공원,서울특별시 강남구 논현동 26,37.51548988,127.0252037,29947.0,논현1동
1155,한솔근린공원,근린공원,서울특별시 강남구 일원동 732,37.481203,127.0787962,12878.4,일원본동
1156,탄천근린공원,근린공원,서울특별시 강남구 수서동 722,37.487436,127.1064899,10011.0,수서동
1157,대진근린공원,근린공원,서울특별시 강남구 개포동 13-1,37.496049,127.0788531,13568.3,개포3동
1158,달터근린공원,근린공원,서울특별시 강남구 개포동 156,37.485434,127.0596369,232078.2,개포2동
1159,역삼까치공원,어린이공원,서울특별시 강남구 역삼동 824-10,37.4972618,127.0307401,987.2,역삼1동
1160,역삼장미공원,어린이공원,서울특별시 강남구 역삼동 780-25,37.495327,127.0447331,1636.6,역삼2동
1161,도곡목련공원,어린이공원,서울특별시 강남구 도곡동 415-3,37.484915,127.0443053,1709.2,도곡2동
1162,도곡까치공원,어린이공원,서울특별시 강남구 도곡동 455,37.483326,127.0451093,1793.8,도곡2동
1163,청담목련공원,어린이공원,서울특별시 강남구 청담동 51,37.52300518,127.0498445,1642.1,청담동
1164,청담은행나무공원,어린이공원,서울특별시 강남구 청담동 94-4,37.525154,127.0442417,1643.8,청담동
1165,삼성까치공원,어린이공원,서울특별시 강남구 삼성동 85,37.51841744,127.0605431,1462.9,삼성1동
1166,삼성목련공원,어린이공원,서울특별시 강남구 삼성동 55-1,37.518515,127.0538884,1641.4,삼성1동
1167,압구정은행나무공원,어린이공원,서울특별시 강남구 압구정동 459,37.53072221,127.0314438,2547.4,압구정동
1168,압구정목련공원,어린이공원,서울특별시 강남구 압구정동 466,37.53268534,127.0322088,2027.2,압구정동
1169,신사개나리공원,어린이공원,서울특별시 강남구 신사동 609-2,37.52567303,127.029443,991.3,압구정동
1170,신사까치공원,어린이공원,서울특별시 강남구 신사동 597,37.52342193,127.029229,992.9,압구정동
1171,신사무궁화공원,어린이공원,서울특별시 강남구 신사동 625-5,37.524131,127.0319138,1641.8,압구정동
1172,신사목련공원,어린이공원,서울특별시 강남구 신사동 567-37,37.52291399,127.0258327,1001.1,신사동
1173,신사은행나무공원,어린이공원,서울특별시 강남구 신사동 558,37.52059722,127.0260394,1240.1,신사동
1174,학동공원,어린이공원,서울특별시 강남구 논현동 263-23,37.511646,127.0387639,1498.5,논현2동
1175,논현소나무공원,어린이공원,서울특별시 강남구 논현동 239,37.51573112,127.0374539,1819.9,논현2동
1176,논현무궁화공원,어린이공원,서울특별시 강남구 논현동 205-7,37.50667179,127.0307039,1879.7,논현1동
1177,논현개나리공원,어린이공원,서울특별시 강남구 논현동 150-5,37.51122564,127.0300758,1652.9,논현1동
1178,논현은행나무공원,어린이공원,서울특별시 강남구 논현동 47-13,37.51259546,127.0224572,1014.5,논현1동
1179,논현목련공원,어린이공원,서울특별시 강남구 논현동 137-18,37.5108669,127.0267093,986.0,논현1동
1180,논현까치공원,어린이공원,서울특별시 강남구 논현동 162-11,37.50852892,127.0250971,956.7,논현1동
1181,아크로힐스소공원,소공원,서울특별시 강남구 논현동 276-2,37.51003194,127.0395693,800.0,논현2동
1182,역삼나들이소공원,소공원,서울특별시 강남구 역삼동 716-5,37.500748,127.0504317,650.0,역삼2동
1183,도곡동 426-9(로덴하우스)소공원,소공원,서울특별시 강남구 도곡동 462-9,37.48560304,127.0460585,80.0,도곡2동
1184,도곡단비소공원,소공원,서울특별시 강남구 도곡동 539-6,37.49389921,127.0472249,896.5,도곡2동
1185,다솜소공원,소공원,서울특별시 강남구 역삼동 763-18,37.49577558,127.0478708,604.1,역삼2동
1186,역삼문화공원,문화공원,서울특별시 강남구 역삼동 635,37.50251536,127.0303909,33974.9,역삼1동
1187,수서목련공원,어린이공원,서울특별시 강남구 수서동 712-1,37.49062982,127.1036989,1418.8,수서동
1188,수서은행나무공원,어린이공원,서울특별시 강남구 수서동 707-1,37.49213676,127.0997523,1500.4,수서동
1189,수서까치공원,어린이공원,서울특별시 강남구 수서동 736-1,37.48713637,127.0979512,1500.2,수서동
1190,일원새싹공원,어린이공원,서울특별시 강남구 수서동 746-1,37.484772,127.0890958,1500.2,일원본동
1191,일원진달래공원,어린이공원,서울특별시 강남구 일원동 716-1,37.484753,127.0847344,1500.1,일원본동
1192,일원비둘기공원,어린이공원,서울특별시 강남구 일원동 735-1,37.48327765,127.0860025,1501.0,일원본동
1193,일원상록수공원,어린이공원,서울특별시 강남구 일원동 734-1,37.482102,127.0822265,1500.4,일원본동
1194,일원소나무공원,어린이공원,서울특별시 강남구 일원동 718-1,37.484061,127.0817812,1500.6,일원본동
1195,일원느티나무공원,어린이공원,서울특별시 강남구 일원동 730-2,37.483047,127.0774123,1825.7,일원본동
1196,일원개나리공원,어린이공원,서울특별시 강남구 일원동 730-3,37.48300519,127.0763956,4453.6,일원본동
1197,일원장미공원,어린이공원,서울특별시 강남구 일원동 732-4,37.480681,127.0808231,1500.0,일원본동
1198,한마음공원,어린이공원,서울특별시 강남구 개포동 12-3,37.49642631,127.0755359,2488.1,개포3동
1199,예지공원,어린이공원,서울특별시 강남구 개포동 12-7,37.49183156,127.0733493,1535.9,개포3동
1200,궁마을공원,근린공원,서울특별시 강남구 수서동 802,37.48369397,127.0952707,14449.0,수서동
1201,일원까치공원,어린이공원,서울특별시 강남구 일원동 712-4,37.4918904,127.0882309,1476.3,일원1동
1202,일원목련공원,어린이공원,서울특별시 강남구 일원동 658,37.491431,127.0855901,1613.8,일원1동
1203,일원은행나무공원,어린이공원,서울특별시 강남구 일원동 615-2,37.492002,127.0769753,1500.3,개포3동
1204,개포목련공원,어린이공원,서울특별시 강남구 개포동 1176,37.47429924,127.0524432,1639.1,개포4동
1205,개포은행나무공원,어린이공원,서울특별시 강남구 개포동 1220,37.47602964,127.0492625,1641.7,개포4동
1206,개포까치공원,어린이공원,서울특별시 강남구 개포동 169-3,37.48370515,127.0608782,1690.2,개포2동
1207,대치은행나무공원,어린이공원,서울특별시 강남구 대치동 899-25,37.501649,127.0515319,1618.7,대치4동
1208,대치까치공원,어린이공원,서울특별시 강남구 대치동 1014-4,37.496941,127.059198,992.2,대치1동
1209,대치목련공원,어린이공원,서울특별시 강남구 대치동 929-10,37.49982553,127.0581713,1649.1,대치4동
1210,역삼은행나무공원,어린이공원,서울특별시 강남구 역삼동 611,37.505409,127.0312225,1647.1,역삼1동
1211,역삼소나무공원,어린이공원,서울특별시 강남구 역삼동 836-21,37.49099783,127.0336992,987.3,역삼1동
1212,역삼개나리공원,어린이공원,서울특별시 강남구 역삼동 739-15,37.497571,127.0362551,1635.0,역삼1동
1213,역삼무궁화공원,어린이공원,서울특별시 강남구 역삼동 830-23,37.493835,127.032209,991.5,역삼1동
1214,못골위근린공원,근린공원,서울특별시 강남구 자곡동 608,37.47440226,127.0967379,26307.0,세곡동
1215,숲자락근린공원,근린공원,서울특별시 강남구 자곡동 615,37.47298119,127.0929684,38003.6,세곡동
1216,세명근린공원,근린공원,서울특별시 강남구 자곡동 625,37.4692274,127.0902554,5236.8,세곡동
1217,세천근린공원,근린공원,서울특별시 강남구 세곡동 603,37.46652497,127.0949058,18856.7,세곡동
1218,대왕공원,어린이공원,서울특별시 강남구 세곡동 526-2,37.4624778,127.1049341,2633.1,세곡동
1219,세곡천공원,어린이공원,서울특별시 강남구 세곡동 522-1,37.46321345,127.1012799,2645.1,세곡동
1220,충현공원,어린이공원,서울특별시 강남구 역삼동 666-2,37.50467201,127.0365347,2721.8,역삼1동
1221,아래방죽마을공원,어린이공원,서울특별시 강남구 율현동 194-1,37.473276,127.1082321,386.0,세곡동
1222,윗방죽마을공원,어린이공원,서울특별시 강남구 율현동 308-29,37.470276,127.104681,935.0,세곡동
1223,못골공원,어린이공원,서울특별시 강남구 자곡동 447-23,37.473573,127.100181,749.0,세곡동
1224,쟁골공원,어린이공원,서울특별시 강남구 자곡동 233-2,37.48190388,127.1020753,468.0,세곡동
1225,은곡마을공원,어린이공원,서울특별시 강남구 세곡동 369-3,37.46801863,127.1004611,2686.0,세곡동
1226,윗반고개공원,어린이공원,서울특별시 강남구 세곡동 99-6,37.46569942,127.109147,1250.0,세곡동
1227,아래반고개공원,어린이공원,서울특별시 강남구 세곡동 129-13,37.463874,127.1071102,863.0,세곡동
1228,수서개나리공원,어린이공원,서울특별시 강남구 수서동 723-1,37.487518,127.1054203,1500.1,수서동
1229,수서역사공원,역사공원,서울특별시 강남구 수서동 797 외 1필지,37.48055556,127.0961111,20514.0,수서동
1230,세곡근린공원,근린공원,서울특별시 강남구 자곡동 690,37.47019671,127.0933333,34978.9,세곡동
1231,삼성해맞이근린공원,근린공원,서울특별시 강남구 삼성동 82,37.51944444,127.0616667,22598.7,삼성1동
1232,보은근린공원,근린공원,서울특별시 강남구 역삼동 754-4,37.49795348,127.048244,1147.7,역삼2동
1233,대치구마을 1지구 소공원,소공원,서울특별시 강남구 대치동 1035,37.50077975,127.0629541,1381.7,대치2동
1234,대모산근린공원,근린공원,서울특별시 강남구 개포동 산61,37.47472222,127.0788889,229732.7,내곡동
1235,개포1단지소공원,소공원,서울특별시 강남구 개포동 660-1,37.48310598,127.05872,1134.8,개포1동
1236,개포17근린공원,근린공원,서울특별시 강남구 개포동 1284-2,37.48654248,127.0710195,10965.9,개포2동
1237,개포16근린공원,근린공원,서울특별시 강남구 개포동 660-4,37.48078254,127.0575557,12562.0,개포1동
1238,개포문화공원,문화공원,서울특별시 강남구 개포동 1281-1,37.48416667,127.0653498,4471.7,개포2동
1239,개나리4차아파트소공원,소공원,서울특별시 강남구 역삼동 902-1,37.50187452,127.0453003,2543.3,역삼2동
1240,래미안라클래시소공원,소공원,서울특별시 강남구 삼섬동 19-4,37.51863809,127.0497099,1320.0,삼성2동
1241,대치제2지구소공원,소공원,서울특별시 강남구 대치동 977,37.50195628,127.0648309,595.5,대치2동
1242,솔밭소공원,소공원,서울특별시 강남구 율현동 431,37.4738142,127.1082681,692.0,세곡동
1243,방죽소공원,소공원,서울특별시 강남구 율현동 354,37.47270823,127.1066181,5704.0,세곡동
1244,래미안대치팰리스소공원2,소공원,서울특별시 강남구 대치동 1028-1,37.4949289,127.061663,990.0,대치1동
1245,래미안대치팰리스소공원1,소공원,서울특별시 강남구 대치동 1027-1,37.4943606,127.0598416,3845.0,대치1동
1246,대치에스케이뷰2 소공원,소공원,서울특별시 강남구 대치동 1029-3,37.49605146,127.0614886,481.0,대치1동
1247,대치에스케이뷰1 소공원,소공원,서울특별시 강남구 대치동 1029-2,37.49576505,127.0595115,302.0,대치1동
1248,행복공원,어린이공원,서울특별시 강남구 세곡동 546,37.46728874,127.0971653,2483.5,세곡동
1249,도담공원,어린이공원,서울특별시 강남구 세곡동 548,37.46732499,127.0986125,4282.7,세곡동
1250,도곡햇살소공원,소공원,서울특별시 강남구 도곡동 538-4,37.49575164,127.0524907,558.5,도곡2동
1251,역삼미소공원,소공원,서울특별시 강남구 역삼동 711-5,37.50142477,127.0439883,576.0,역삼2동
1252,쉼표소공원,소공원,서울특별시 강남구 세곡동 549,37.467518,127.099851,1199.2,세곡동
1253,물굽이공원,수변공원,서울특별시 강남구 세곡동 537,37.46520915,127.093755,3713.3,세곡동
1254,물맞이공원,수변공원,서울특별시 강남구 세곡동 604-1,37.465664,127.097181,10399.2,세곡동
1255,해찬솔근린공원,근린공원,서울특별시 강남구 자곡동 627,37.47039047,127.0923987,12093.0,세곡동
1256,안개근린공원,근린공원,서울특별시 강남구 자곡동 647,37.47217989,127.1019482,19739.5,세곡동
1257,못골아래근린공원,근린공원,서울특별시 강남구 자곡동 607,37.47330498,127.0997276,21560.9,세곡동
1258,아크로삼성아파트,소공원,서울특별시 강남구 삼성동 79,37.52044918,127.0599597,1200.0,삼성1동
1259,참나무근린공원,근린공원,서울특별시 강남구 수서동 794,37.48040764,127.0891667,12027.3,일원본동
1260,도산근린공원,근린공원,서울특별시 강남구 신사동 649-9,37.523911,127.0356032,29816.5,압구정동
2006,하늘(일산2-3),근린공원,경기도 고양시 일산동구 중산동 1795,37.67782986,126.7858163,9894.9,중산2동
2007,하늘별무리(일산2-7),어린이공원,경기도 고양시 일산동구 중산동 1803,37.67670638,126.7864298,1530.5,중산2동
2008,성아(일산2-2),근린공원,경기도 고양시 일산동구 중산동 1798,37.67763431,126.7893793,13329.0,중산2동
2009,개나리(일산2-4),어린이공원,경기도 고양시 일산동구 중산동 1736,37.68382499,126.7901512,1885.3,중산2동
2010,소개울(일산2-1),근린공원,경기도 고양시 일산동구 중산동 1716,37.68307892,126.7824518,50030.0,중산2동
2011,안곡습지,수변공원,경기도 고양시 일산동구 중산동 1712,37.68402278,126.7844936,77826.0,중산2동
2012,하늘장미(일산2-5),어린이공원,경기도 고양시 일산동구 중산동 1702,37.68047685,126.7847155,1500.0,중산2동
2013,하늘자전거(일산2-6),어린이공원,경기도 고양시 일산동구 중산동 1685,37.67951849,126.7801215,1520.5,중산2동
2014,풍동,어린이공원,경기도 고양시 일산동구 풍동 800,37.66305301,126.7957747,1383.0,풍산동
2015,식사(은행마을공원),근린공원,경기도 고양시 일산동구 식사동 1475,37.6698899,126.8064896,10000.0,식사동
2016,식골,근린공원,경기도 고양시 일산동구 풍동 1257,37.67072982,126.7971233,51111.0,풍산동
2017,달맞이,근린공원,경기도 고양시 일산동구 풍동 1228,37.67463435,126.8008034,37676.0,풍산동
2018,참나무(풍동),어린이공원,경기도 고양시 일산동구 풍동 1299,37.66604137,126.8008116,1629.5,풍산동
2019,소나무(풍동),어린이공원,경기도 고양시 일산동구 풍동 1287,37.66434091,126.7978742,6601.3,풍산동
2020,벚나무(풍동),어린이공원,경기도 고양시 일산동구 풍동 1269,37.66775168,126.7974653,2021.3,풍산동
2021,이팝나무,어린이공원,경기도 고양시 일산동구 풍동 1262,37.67010435,126.8006537,2012.0,풍산동
2022,느티나무(풍동),어린이공원,경기도 고양시 일산동구 풍동 1259,37.67028123,126.7984263,5103.0,풍산동
2023,목련,어린이공원,경기도 고양시 일산동구 풍동 1248,37.67281601,126.7976815,1623.0,풍산동
2024,산수유,어린이공원,경기도 고양시 일산동구 풍동 1240-3,37.67344801,126.8016509,1501.0,풍산동
2025,중산체육공원,체육공원,경기도 고양시 일산동구 중산동 1565,37.69157053,126.7798982,82113.7,중산1동
2026,장항,어린이공원,경기도 고양시 일산동구 정발산동 812,37.66643553,126.7755653,2326.0,정발산동
2027,닥밭,어린이공원,경기도 고양시 일산동구 정발산동 698,37.66749401,126.7725147,5793.0,정발산동
2028,수정,어린이공원,경기도 고양시 일산동구 정발산동 1329,37.66827162,126.7785766,3512.0,정발산동
2029,사재,어린이공원,경기도 고양시 일산동구 정발산동 1241,37.67260753,126.7818175,5127.0,정발산동
2030,두루미,어린이공원,경기도 고양시 일산동구 정발산동 1159,37.67142927,126.7761671,4362.0,정발산동
2031,매봉재,어린이공원,경기도 고양시 일산동구 정발산동 1123,37.67520793,126.7778151,3063.0,정발산동
2032,호수,근린공원,경기도 고양시 일산동구 장항동 906,37.66444643,126.7604431,853830.0,장항2동
2033,호수,근린공원,경기도 고양시 일산동구 장항동 905,37.65089818,126.7712748,107849.0,장항2동
2034,호수,근린공원,경기도 고양시 일산동구 장항동 903,37.64947299,126.7680833,71988.7,장항2동
2035,알미,근린공원,경기도 고양시 일산동구 백석동 1350,37.64550022,126.783942,15507.0,백석2동
2036,안산,문화공원,경기도 고양시 일산동구 백석동 1195,37.64613638,126.7847188,8437.4,백석1동
2037,정발산,근린공원,경기도 고양시 일산동구 마두동 1121,37.66277186,126.7718898,644650.0,마두1동
2038,중산 9(중산추만),어린이공원,경기도 고양시 일산동구 중산동 1600,37.68576605,126.7802281,1963.0,중산1동
2039,중산 8(중산삼애),어린이공원,경기도 고양시 일산동구 중산동 1575-5,37.68791021,126.7828258,1600.0,중산1동
2040,중산 4(중산오름),어린이공원,경기도 고양시 일산동구 중산동 1575-1,37.69295691,126.7827654,1600.0,중산1동
2041,중산 7(중산어린이),어린이공원,경기도 고양시 일산동구 중산동 1574-1,37.68900805,126.7818312,1600.0,중산1동
2042,중산 5(중산안학),어린이공원,경기도 고양시 일산동구 중산동 1573-2,37.69160785,126.7816181,1600.0,중산1동
2043,중산 6(중산더부골),어린이공원,경기도 고양시 일산동구 중산동 1566-1,37.68872808,126.7789273,1600.0,중산1동
2044,중산 2(중산안골),어린이공원,경기도 고양시 일산동구 중산동 1556-1,37.69501351,126.7793364,1600.0,중산1동
2045,중산 1(중산마루),어린이공원,경기도 고양시 일산동구 중산동 1555-1,37.69746259,126.7806215,1600.0,중산1동
2046,중산 3(중산테미어린이),어린이공원,경기도 고양시 일산동구 중산동 1554-3,37.69320861,126.7824585,1600.0,중산1동
2047,중산태미(중산4),근린공원,경기도 고양시 일산동구 중산동 1553,37.69821033,126.7829969,13411.0,중산1동
2048,백마,근린공원,경기도 고양시 일산동구 마두동 725,37.65679241,126.7903357,20490.0,마두1동
2049,밤가시,어린이공원,경기도 고양시 일산동구 정발산동 1299,37.66947831,126.7826296,23274.0,정발산동
2050,부촌,어린이공원,경기도 고양시 일산동구 장항동 879,37.64699729,126.7771633,3604.0,장항2동
2051,낙민,근린공원,경기도 고양시 일산동구 장항동 873,37.65011376,126.7730312,19630.0,장항2동
2052,향나무(알미),어린이공원,경기도 고양시 일산동구 백석동 1437,37.64457307,126.7801183,3576.0,백석2동
2053,용천,어린이공원,경기도 고양시 일산동구 백석동 1348,37.64224744,126.7831277,4255.0,백석2동
2054,간이,어린이공원,경기도 고양시 일산동구 백석동 1269,37.64615882,126.7880046,3341.0,백석1동
2055,백석,근린공원,경기도 고양시 일산동구 백석동 1233,37.64871522,126.7948256,140863.6,백석1동
2056,방기,어린이공원,경기도 고양시 일산동구 백석동 1206,37.64851724,126.7848251,3167.0,백석1동
2057,백송,어린이공원,경기도 고양시 일산동구 백석동 1189,37.65074103,126.7891568,5753.0,백석1동
2058,검바골,어린이공원,경기도 고양시 일산동구 백석동 1156,37.64863305,126.7911069,3595.0,백석1동
2059,청천,어린이공원,경기도 고양시 일산동구 백석동 1137,37.652511,126.7944631,6299.0,백석1동
2060,안골,어린이공원,경기도 고양시 일산동구 마두동 992,37.65747204,126.7784665,5495.0,마두1동
2061,능안,어린이공원,경기도 고양시 일산동구 마두동 958,37.65990683,126.7836536,4335.0,마두1동
2062,설촌,어린이공원,경기도 고양시 일산동구 마두동 874,37.66203522,126.7886259,5316.0,마두1동
2063,냉천,어린이공원,경기도 고양시 일산동구 마두동 837,37.66487011,126.7858478,4939.0,마두1동
2064,강촌,근린공원,경기도 고양시 일산동구 마두동 791,37.65333241,126.7810761,38777.0,마두2동
2065,말머리,어린이공원,경기도 고양시 일산동구 마두동 790,37.65278381,126.7817958,4000.0,마두2동
2066,마두,근린공원,경기도 고양시 일산동구 마두동 780,37.6546888,126.7844884,43142.0,마두2동
2067,모범,어린이공원,경기도 고양시 일산동구 마두동 756,37.65567431,126.7858803,4000.0,마두2동
2068,화전공원(드론센터),소공원,경기도 고양시 덕양구 화전동 550-17,37.60461721,126.8671559,960.0,화전동
2069,내유동문화공원,문화공원,경기도 고양시 덕양구 내유동 769-5,37.73129325,126.8483937,5660.0,관산동
2070,덕은6,소공원,경기도 고양시 덕양구 덕은동 669,37.58362116,126.8694284,1077.3,대덕동
2071,덕은1,수변공원,경기도 고양시 덕양구 덕은동 707,37.57799364,126.8634605,2812.3,대덕동
2072,덕은1,근린공원,경기도 고양시 덕양구 덕은동 0,37.57996101,126.8636111,26619.8,대덕동
2073,덕은2,어린이공원,경기도 고양시 덕양구 덕은동 0,37.58167501,126.8627661,2733.9,대덕동
2074,덕은1,어린이공원,경기도 고양시 덕양구 덕은동 0,37.58144801,126.8688971,2589.3,대덕동
2075,덕은5,소공원,경기도 고양시 덕양구 덕은동 611-2,37.58321204,126.8642261,396.0,대덕동
2076,덕은4,소공원,경기도 고양시 덕양구 덕은동 627,37.58229564,126.8643161,380.0,대덕동
2077,덕은3,소공원,경기도 고양시 덕양구 덕은동 622,37.58247101,126.8628121,1070.6,대덕동
2078,덕은2,소공원,경기도 고양시 덕양구 덕은동 599,37.58359551,126.8619692,1434.0,대덕동
2079,소공원338,소공원,경기도 고양시 덕양구 고양동 527,37.70718901,126.9043918,800.0,고양동
2080,능1소공원,소공원,경기도 고양시 덕양구 토당동 919,37.62353701,126.8177761,323.6,능곡동
2081,배다리,어린이공원,경기도 고양시 덕양구 주교동 296,37.66253375,126.8294252,4514.0,주교동
2082,수변공원(고양2일단),수변공원,경기도 고양시 덕양구 고양동 1-5,37.70754983,126.9033371,2516.0,고양동
2083,소공원337,소공원,경기도 고양시 덕양구 고양동 557,37.70895431,126.9050251,408.0,고양동
2084,삼송소공원5,소공원,경기도 고양시 덕양구 원흥동 609,37.65145304,126.8710794,788.2,삼송2동
2085,어린이공원2(도담)(향동보금자리),어린이공원,경기도 고양시 덕양구 도내동 1038,37.62992361,126.8719821,2633.4,흥도동
2086,삼송소공원3,소공원,경기도 고양시 덕양구 원흥동 622-3,37.64869041,126.8694352,2346.6,삼송2동
2087,지축근린3,근린공원,경기도 고양시 덕양구 지축동 0,37.65336369,126.9177423,15159.5,효자동
2088,지축근린2,근린공원,경기도 고양시 덕양구 지축동 0,37.65336369,126.9177423,10692.6,효자동
2089,지축근린1,근린공원,경기도 고양시 덕양구 지축동 654-1,37.65230757,126.9135968,28584.5,효자동
2090,지축어린이3,어린이공원,경기도 고양시 덕양구 지축동 0,37.65336369,126.9177423,3066.6,효자동
2091,지축어린이2,어린이공원,경기도 고양시 덕양구 지축동 0,37.65336369,126.9177423,1517.1,효자동
2092,지축어린이1,어린이공원,경기도 고양시 덕양구 지축동 0,37.65336369,126.9177423,2671.0,효자동
2093,지축 소공원3,소공원,경기도 고양시 덕양구 지축동 1142-4,37.65134001,126.9270541,1037.0,효자동
2094,지축 소공원2,소공원,경기도 고양시 덕양구 지축동 892-4,37.65259901,126.914119,893.6,효자동
2095,지축 소공원1,소공원,경기도 고양시 덕양구 지축동 888-1,37.65295501,126.9139731,793.1,효자동
2096,향동체육공원,체육공원,경기도 고양시 덕양구 향동동 587,37.59595511,126.8880494,30683.0,화전동
2097,향동어린이2,어린이공원,경기도 고양시 덕양구 향동동 493,37.59891546,126.8901682,1863.9,화전동
2098,향동수변2,수변공원,경기도 고양시 덕양구 향동동 550,37.59781193,126.8903115,16470.2,화전동
2099,향동근린2,근린공원,경기도 고양시 덕양구 향동동 424,37.6069348,126.8933163,11935.3,화전동
2100,향동근린1,근린공원,경기도 고양시 덕양구 향동동 566,37.59564908,126.8925162,12228.4,화전동
2101,향동지구 소공원2,소공원,경기도 고양시 덕양구 향동동 412,37.60550709,126.8974945,7294.0,화전동
2102,향동수변1,수변공원,경기도 고양시 덕양구 향동동 481,37.6003014,126.8923911,1796.3,화전동
2103,향동지구 소공원1,소공원,경기도 고양시 덕양구 향동동 546,37.5953194,126.8958732,2473.0,화전동
2104,향동어린이1,어린이공원,경기도 고양시 덕양구 향동동 461-3,37.6021211,126.891554,1587.4,화전동
2105,원흥지구 소공원,소공원,경기도 고양시 덕양구 원흥동 718,37.63732953,126.8717047,2681.0,흥도동
2106,원흥근린3(도래울의장대),근린공원,경기도 고양시 덕양구 도내동 1101,37.62784737,126.8735354,29305.1,흥도동
2107,어린이공원1(고운)(향동보금자리),어린이공원,경기도 고양시 덕양구 원흥동 740,37.63624584,126.8740918,2036.7,흥도동
2108,원흥근린2(도래울의장대),근린공원,경기도 고양시 덕양구 도내동 1078,37.62932677,126.8706765,13067.6,흥도동
2109,원흥근린1(도래울석탄),근린공원,경기도 고양시 덕양구 도내동 996,37.62973141,126.8662456,125060.7,흥도동
2110,원흥지구수변공원(도래울바람물),수변공원,경기도 고양시 덕양구 도내동 980,37.62921735,126.8750463,77416.0,흥도동
2111,삼송근린12(당고개),근린공원,경기도 고양시 덕양구 오금동 633,37.66216438,126.9039898,12327.1,삼송1동
2112,화전1(마루치),어린이공원,경기도 고양시 덕양구 덕은동 9-19,37.59769361,126.8785618,2328.0,화전동
2113,삼송소공원2,소공원,경기도 고양시 덕양구 삼송동 303-11,37.65332913,126.8884173,1328.9,삼송1동
2114,삼송소공원1,소공원,경기도 고양시 덕양구 삼송동 315-3,37.65142677,126.8895746,702.8,삼송1동
2115,삼송근린1(송현),근린공원,경기도 고양시 덕양구 삼송동 334,37.64876791,126.8774365,28511.1,삼송2동
2116,삼송근린10(소청),근린공원,경기도 고양시 덕양구 오금동 산79-1,37.66014546,126.9129564,13912.8,삼송1동
2117,삼송근린11(오금상촌),근린공원,경기도 고양시 덕양구 오금동 679,37.66307242,126.9188102,12530.6,삼송1동
2118,삼송근린9(오금),근린공원,경기도 고양시 덕양구 오금동 643,37.66086322,126.9067379,41981.6,삼송1동
2119,삼송근린8(한우물숲길),근린공원,경기도 고양시 덕양구 신원동 664,37.65919767,126.8885513,151318.7,원신동
2120,삼송근린7(신원),근린공원,경기도 고양시 덕양구 신원동 610,37.66781318,126.8902247,16343.0,원신동
2121,삼송어린이1(한우물),어린이공원,경기도 고양시 덕양구 신원동 646,37.66153013,126.8882056,1690.0,원신동
2122,삼송근린6(조관),근린공원,경기도 고양시 덕양구 신원동 607,37.66638285,126.8863592,14983.0,원신동
2123,삼송근린5(송강이야기),근린공원,경기도 고양시 덕양구 신원동 596,37.66690836,126.8812963,38825.4,원신동
2124,삼송근린2(덕수),근린공원,경기도 고양시 덕양구 삼송동 339,37.64676832,126.8801913,213515.3,삼송2동
2125,삼송어린이2(달걀부리),어린이공원,경기도 고양시 덕양구 삼송동 369,37.64195969,126.8762715,2159.0,삼송2동
2126,삼송근린3(세솔),근린공원,경기도 고양시 덕양구 삼송동 315,37.65190143,126.8892505,88917.9,삼송1동
2127,삼송근린4(동산꽃맞이/밥할머니),근린공원,경기도 고양시 덕양구 동산동 374,37.64746415,126.9000093,149323.0,창릉동
2128,삼송어린이3(동산),어린이공원,경기도 고양시 덕양구 동산동 349,37.64331059,126.8847162,2026.0,창릉동
2129,주공1,어린이공원,경기도 고양시 덕양구 성사동 873,37.66062952,126.8402255,1942.9,성사1동
2130,주택재개발(196호),어린이공원,경기도 고양시 덕양구 토당동 251-107,37.62749954,126.8193911,1541.0,능곡동
2131,주택재개발(195호),어린이공원,경기도 고양시 덕양구 행신동 633-98,37.62080644,126.8310364,764.0,행신1동
2132,원당1,어린이공원,경기도 고양시 덕양구 성사동 865,37.65864506,126.8418105,4406.0,성사1동
2133,원당2,소공원,경기도 고양시 덕양구 성사동 863,37.66064814,126.8412199,748.0,성사1동
2134,서정,근린공원,경기도 고양시 덕양구 행신동 1071,37.61735828,126.8489586,30202.7,행신4동
2135,서두나루,근린공원,경기도 고양시 덕양구 행신동 1098-1,37.61474888,126.8483479,11615.0,행신4동
2136,서두물,근린공원,경기도 고양시 덕양구 행신동 1092-1,37.61659191,126.8510884,16811.5,행신4동
2137,행신나루,근린공원,경기도 고양시 덕양구 행신동 1089,37.61593951,126.8484009,11139.9,행신4동
2138,작은봉화공원,어린이공원,경기도 고양시 덕양구 행신동 1110,37.61412262,126.8511236,6698.0,행신4동
2139,서두마루공원,어린이공원,경기도 고양시 덕양구 행신동 1101-1,37.61833519,126.8536525,1533.0,행신4동
2140,서정어린이공원,어린이공원,경기도 고양시 덕양구 행신동 1096-1,37.61495523,126.8488538,1508.0,행신4동
2141,서정나루공원,어린이공원,경기도 고양시 덕양구 행신동 1088-1,37.61471947,126.8465358,1512.0,행신4동
2142,햇살공원,어린이공원,경기도 고양시 덕양구 행신동 1074-1,37.61977212,126.8450412,1570.6,행신4동
2143,밤나무공원,어린이공원,경기도 고양시 덕양구 행신동 1068-1,37.62086283,126.8524811,6726.0,행신4동
2144,벽제2,어린이공원,경기도 고양시 덕양구 고양동 729,37.71127083,126.9035569,2458.4,고양동
2145,벽제,어린이공원,경기도 고양시 덕양구 고양동 1131,37.71495433,126.9031066,2038.9,고양동
2146,소나무(능곡),어린이공원,경기도 고양시 덕양구 화정동 1135,37.62652494,126.8331235,1500.0,화정2동
2147,백양,근린공원,경기도 고양시 덕양구 화정동 1131,37.62780403,126.8348018,10663.0,화정2동
2148,은행나무,어린이공원,경기도 고양시 덕양구 화정동 1127,37.62865494,126.8357424,1500.0,화정2동
2149,회화나무,어린이공원,경기도 고양시 덕양구 행신동 983,37.62027602,126.8359194,1500.0,행신1동
2150,행신,근린공원,경기도 고양시 덕양구 행신동 978,37.61863851,126.8372428,20395.0,행신1동
2151,살구나무,어린이공원,경기도 고양시 덕양구 행신동 975,37.61897283,126.8392334,1500.0,행신1동
2152,벚나무(능곡),어린이공원,경기도 고양시 덕양구 행신동 970,37.62219264,126.8427752,1500.0,행신4동
2153,단풍나무,어린이공원,경기도 고양시 덕양구 행신동 953,37.62269983,126.8384469,1500.0,행신3동
2154,참나무(능곡),어린이공원,경기도 고양시 덕양구 행신동 934,37.62483133,126.8384741,1500.0,행신3동
2155,가라산,근린공원,경기도 고양시 덕양구 행신동 924,37.62518207,126.8419941,42290.0,행신3동
2156,자작나무,어린이공원,경기도 고양시 덕양구 행신동 906,37.62610342,126.8433305,1500.0,행신3동
2157,밤나무(능곡),어린이공원,경기도 고양시 덕양구 행신동 898,37.62804311,126.8385337,1500.0,행신3동
2158,느티나무(능곡),어린이공원,경기도 고양시 덕양구 행신동 1001,37.62539857,126.8317576,1500.2,행신1동
2159,옥빛,근린공원,경기도 고양시 덕양구 화정동 989,37.63330639,126.8357558,17541.0,화정2동
2160,화정중앙,근린공원,경기도 고양시 덕양구 화정동 985,37.63095824,126.831811,12215.0,화정2동
2161,꽃우물,근린공원,경기도 고양시 덕양구 화정동 950,37.62818981,126.8278501,12881.0,화정2동
2162,별빛,근린공원,경기도 고양시 덕양구 화정동 943,37.63306385,126.8255876,17694.0,화정2동
2163,은빛,근린공원,경기도 고양시 덕양구 화정동 872,37.63813832,126.8367593,41089.0,화정1동
2164,꽃물,근린공원,경기도 고양시 덕양구 화정동 867,37.64105095,126.8295741,15472.0,화정1동
2165,달빛,근린공원,경기도 고양시 덕양구 화정동 859,37.64498389,126.8311177,16844.0,화정1동
2166,화수,근린공원,경기도 고양시 덕양구 화정동 852,37.64420224,126.8380238,14293.0,화정1동
2167,가라뫼,근린공원,경기도 고양시 덕양구 행신동 800,37.61524016,126.8439091,10682.0,행신2동
2168,차장,근린공원,경기도 고양시 덕양구 행신동 722,37.61672981,126.8333705,13786.0,행신2동
2169,번데미,근린공원,경기도 고양시 덕양구 행신동 698,37.61573522,126.8296216,14950.0,행신2동
2170,행신 9(행복),어린이공원,경기도 고양시 덕양구 행신동 792,37.61677906,126.8438132,1500.1,행신2동
2171,행신 8(화신),어린이공원,경기도 고양시 덕양구 행신동 786,37.61405336,126.8402054,1500.2,행신2동
2172,행신 7(소만),어린이공원,경기도 고양시 덕양구 행신동 782,37.61652686,126.8404084,1501.3,행신2동
2173,행신 5(행신),어린이공원,경기도 고양시 덕양구 행신동 775,37.61822666,126.8368437,1851.3,행신2동
2174,행신 6(용현),어린이공원,경기도 고양시 덕양구 행신동 768,37.61423444,126.8375411,1501.7,행신2동
2175,행신 4(용마루),어린이공원,경기도 고양시 덕양구 행신동 755,37.61601941,126.8356661,1689.4,행신2동
2176,행신 3(무원),어린이공원,경기도 고양시 덕양구 행신동 734,37.61794344,126.8327666,1486.3,행신2동
2177,행신 2(장고뫼),어린이공원,경기도 고양시 덕양구 행신동 701,37.61394057,126.8310223,1500.0,행신2동
2178,행신 1(번데미),어린이공원,경기도 고양시 덕양구 행신동 694,37.61724568,126.8298323,1514.1,행신2동
2179,화정 16(배꽃),어린이공원,경기도 고양시 덕양구 화정동 961,37.63668391,126.8353033,3848.9,화정1동
2180,화정 17(별빛어린이),어린이공원,경기도 고양시 덕양구 화정동 954,37.63290261,126.8296879,5016.7,화정2동
2181,화정 18(꽃우물어린이),어린이공원,경기도 고양시 덕양구 화정동 949,37.62865718,126.8272144,3960.7,화정2동
2182,화정 15(민들레),어린이공원,경기도 고양시 덕양구 화정동 937,37.63652325,126.827505,5991.5,화정1동
2183,화정 14(용정),어린이공원,경기도 고양시 덕양구 화정동 921,37.63953885,126.8306516,4274.2,화정1동
2184,화정 13(개나리),어린이공원,경기도 고양시 덕양구 화정동 890,37.63927225,126.8347402,2417.5,화정1동
2185,화정 12(진달래),어린이공원,경기도 고양시 덕양구 화정동 869,37.64413544,126.8343009,6374.6,화정1동
2186,화정 10(달빛어린이),어린이공원,경기도 고양시 덕양구 화정동 857,37.64784757,126.8343541,5002.9,화정1동
2187,화정 11(화수어린이),어린이공원,경기도 고양시 덕양구 화정동 853,37.64484592,126.8373176,3995.5,화정1동
2188,성사 2(별모래),어린이공원,경기도 고양시 덕양구 성사동 730,37.65123386,126.8359284,1500.0,성사2동
2189,성사 3(성라어린이),어린이공원,경기도 고양시 덕양구 성사동 735,37.65152384,126.8332572,1499.2,성사2동
2190,성사 1(어울림),어린이공원,경기도 고양시 덕양구 성사동 728,37.65351498,126.8332399,1500.0,성사2동
2191,고양제1,어린이공원,경기도 고양시 덕양구 고양동 328,37.70462893,126.8968093,1734.0,고양동
2192,토당 2,어린이공원,경기도 고양시 덕양구 토당동 896,37.62745594,126.8258131,1500.1,행주동
2193,토당 6,어린이공원,경기도 고양시 덕양구 토당동 885-6,37.61841189,126.8263211,1500.0,행주동
2194,토당 4,어린이공원,경기도 고양시 덕양구 토당동 874-2,37.62076042,126.8259534,1500.1,행주동
2195,토당 5,어린이공원,경기도 고양시 덕양구 토당동 862-3,37.61908314,126.8234098,1498.0,행주동
2196,토당 3,어린이공원,경기도 고양시 덕양구 토당동 847,37.62614212,126.8250996,1500.2,행주동
2197,토당 1,어린이공원,경기도 고양시 덕양구 토당동 838,37.62682931,126.8220485,1500.1,능곡동
2198,주교7호,어린이공원,경기도 고양시 덕양구 주교동 576,37.66144911,126.8360178,1668.8,주교동
2199,주교6호,어린이공원,경기도 고양시 덕양구 주교동 587,37.6593065,126.8331222,1504.4,주교동
2200,주교 3,어린이공원,경기도 고양시 덕양구 주교동 619-3,37.65805134,126.8366476,1492.2,성사1동
2201,주교 1,어린이공원,경기도 고양시 덕양구 주교동 610,37.65635454,126.8343115,1499.8,성사1동
2202,주교 2,어린이공원,경기도 고양시 덕양구 성사동 705,37.65496341,126.8381641,1498.2,성사1동
2203,관산,근린공원,경기도 고양시 덕양구 관산동 1018,37.69015371,126.8669816,49713.8,관산동
2204,자전거,체육공원,경기도 고양시 덕양구 성사동 산32-7,37.66240791,126.8449287,113975.0,성사1동
2205,고양,근린공원,경기도 고양시 덕양구 고양동 30,37.7058354,126.9003247,33344.0,고양동
2206,행주산성,역사공원,경기도 고양시 덕양구 행주외동 53-13,37.60312868,126.8233225,410245.0,행주동
2207,지도,근린공원,경기도 고양시 덕양구 토당동 3-39,37.62199707,126.8271981,173813.0,행주동
2208,마상,근린공원,경기도 고양시 덕양구 주교동 313-16,37.66014949,126.8330165,104445.0,주교동
2209,성라,근린공원,경기도 고양시 덕양구 성사동 267,37.64905648,126.835368,543650.0,성사2동
2210,고양피크닉시민공원,근린공원,경기도 고양시 일산서구 대화동 2337,37.68536054,126.7486216,18125.4,대화동
2211,고양생태,근린공원,경기도 고양시 일산서구 대화동 2330,37.68394896,126.7441279,56712.0,대화동
2212,농업체험,근린공원,경기도 고양시 일산서구 대화동 2316,37.67473275,126.7387386,29812.0,대화동
2213,탄현주상복합(탄현통나무),어린이공원,경기도 고양시 일산서구 탄현동 1637,37.69514584,126.7641204,3488.8,탄현1동
2214,국제전시2단계(제1호문화공원),문화공원,경기도 고양시 일산서구 대화동 2718,37.66684436,126.7432461,4457.0,송포동
2215,문화공원2,문화공원,경기도 고양시 일산서구 대화동 2600-2,37.66736675,126.7444235,17166.9,대화동
2216,문화공원1,문화공원,경기도 고양시 일산서구 대화동 2600-1,37.66849283,126.7418374,8587.4,대화동
2217,탄현주상복합(숯고개향나무),어린이공원,경기도 고양시 일산서구 탄현동 1639,37.6931033,126.7631554,4733.0,탄현1동
2218,고양현충공원,역사공원,경기도 고양시 일산서구 덕이동 265,37.69328797,126.7589475,17019.0,덕이동
2219,킨텍스2단계(킨텍스온누리),근린공원,경기도 고양시 일산서구 대화동 2721,37.66505132,126.7467674,17287.1,송포동
2220,국제전시2단계(제1호체육공원),체육공원,경기도 고양시 일산서구 대화동 2708,37.66396671,126.7364513,25374.3,송포동
2221,킨텍스수변공원(국제전시2단계),수변공원,경기도 고양시 일산서구 대화동 2725,37.66199587,126.7396843,12482.9,송포동
2222,덕이어린이1(샘물),어린이공원,경기도 고양시 일산서구 덕이동 338-21,37.70386405,126.7526057,2876.0,덕이동
2223,덕이어린이2(아지랑이),어린이공원,경기도 고양시 일산서구 덕이동 산142-4,37.69942629,126.7524671,2281.8,덕이동
2224,덕이어린이3(잎새),어린이공원,경기도 고양시 일산서구 덕이동 582-2,37.69871779,126.7525033,3059.0,덕이동
2225,덕이어린이4(한별),어린이공원,경기도 고양시 일산서구 덕이동 374-12,37.69818595,126.7531957,2748.2,덕이동
2226,탄현일단의주택지168(탄현호곡),어린이공원,경기도 고양시 일산서구 탄현동 1634-2,37.70212398,126.7661657,1657.0,탄현2동
2227,탄현일단의주택지168(탄현용현),어린이공원,경기도 고양시 일산서구 탄현동 1634-1,37.70351395,126.7645746,2303.0,탄현2동
2228,덕이근린1(덕이),근린공원,경기도 고양시 일산서구 덕이동 산145-1,37.70169688,126.7544741,45701.2,덕이동
2229,덕이근린2(한산),근린공원,경기도 고양시 일산서구 덕이동 산131-7,37.69601631,126.7494325,18733.5,덕이동
2230,국제전시장,근린공원,경기도 고양시 일산서구 대화동 1050-176,37.66501092,126.7562768,42416.2,대화동
2231,레포츠,체육공원,경기도 고양시 일산서구 대화동 2314,37.66991791,126.7371001,45798.0,대화동
2232,호미걸이,근린공원,경기도 고양시 일산서구 대화동 750-16,37.67190295,126.7346817,10289.0,송포동
2233,송포,근린공원,경기도 고양시 일산서구 대화동 1495-1,37.67030086,126.7301278,8968.0,송포동
2234,가좌,근린공원,경기도 고양시 일산서구 가좌동 1098,37.68619741,126.7216817,50155.0,가좌동
2235,숯고개,근린공원,경기도 고양시 일산서구 탄현동 1580,37.69071006,126.7649935,10027.0,탄현1동
2236,문화,근린공원,경기도 고양시 일산서구 일산동 1379,37.67705604,126.7659922,40373.0,일산3동
2237,후동,근린공원,경기도 고양시 일산서구 일산동 1400,37.67842011,126.7669398,19195.0,일산3동
2238,회화,어린이공원,경기도 고양시 일산서구 주엽동 91,37.66568037,126.7638604,3803.0,주엽1동
2239,강선,근린공원,경기도 고양시 일산서구 주엽동 78,37.67117101,126.7620628,34384.0,주엽1동
2240,궁골,어린이공원,경기도 고양시 일산서구 주엽동 55,37.6695506,126.7690897,6901.0,주엽1동
2241,강재,어린이공원,경기도 고양시 일산서구 주엽동 52,37.67254864,126.7633732,4000.0,주엽1동
2242,오마,어린이공원,경기도 고양시 일산서구 일산동 1375,37.67830724,126.7609682,5700.0,일산3동
2243,오거리,어린이공원,경기도 고양시 일산서구 주엽동 34,37.67606162,126.764586,4001.0,주엽2동
2244,백암,어린이공원,경기도 고양시 일산서구 주엽동 130,37.66954988,126.7553261,7875.0,주엽2동
2245,주엽,근린공원,경기도 고양시 일산서구 주엽동 118,37.66867703,126.7603779,19614.0,주엽1동
2246,문촌,어린이공원,경기도 고양시 일산서구 주엽동 10,37.6747456,126.7584541,4901.0,주엽2동
2247,이물재,어린이공원,경기도 고양시 일산서구 주엽동 39,37.6735398,126.7716033,5701.0,주엽1동
2248,윗말,어린이공원,경기도 고양시 일산서구 일산동 1095,37.67721758,126.7740777,6400.0,일산3동
2249,도화,어린이공원,경기도 고양시 일산서구 일산동 1043,37.68229664,126.7622449,4999.0,일산3동
2250,강서,어린이공원,경기도 고양시 일산서구 대화동 2265,37.67219634,126.7507291,3217.0,대화동
2251,장촌,근린공원,경기도 고양시 일산서구 대화동 2241,37.67402156,126.7515073,16574.0,대화동
2252,김서,어린이공원,경기도 고양시 일산서구 대화동 2235,37.67363707,126.7460472,3002.5,대화동
2253,양촌,어린이공원,경기도 고양시 일산서구 대화동 2211,37.67815864,126.7493772,6555.0,대화동
2254,대화,근린공원,경기도 고양시 일산서구 대화동 2201,37.67426561,126.7538961,16685.0,대화동
2255,장성,어린이공원,경기도 고양시 일산서구 대화동 2166,37.67679795,126.7538503,4798.0,대화동
2256,가와지,어린이공원,경기도 고양시 일산서구 대화동 2113,37.67989046,126.7557898,1994.0,대화동
2257,성저,근린공원,경기도 고양시 일산서구 대화동 2104,37.68232402,126.7562364,50334.0,대화동
2258,왕산,어린이공원,경기도 고양시 일산서구 대화동 2092,37.68218922,126.7515212,4326.0,대화동
2259,토성,어린이공원,경기도 고양시 일산서구 대화동 2065,37.68417826,126.7541354,3659.0,대화동
2260,새말,어린이공원,경기도 고양시 일산서구 대화동 2008,37.68443535,126.7577169,3987.0,대화동
2261,중산 10(한뫼),근린공원,경기도 고양시 일산서구 일산동 1558,37.69355743,126.7762593,27167.0,일산2동
2262,탄현 2(황룡산),어린이공원,경기도 고양시 일산서구 탄현동 1554,37.69750131,126.7713453,1811.0,탄현2동
2263,탄현 6(탄중),어린이공원,경기도 고양시 일산서구 탄현동 1501,37.69423204,126.7709827,1494.0,탄현1동
2264,탄현 5(탄현),어린이공원,경기도 고양시 일산서구 탄현동 1495,37.69409935,126.76892,1501.0,탄현1동
2265,탄현 4(숯고개),어린이공원,경기도 고양시 일산서구 탄현동 1486,37.6939833,126.7663116,1500.0,탄현1동
2266,탄현 3(현중),어린이공원,경기도 고양시 일산서구 탄현동 1478,37.69559116,126.7675316,1500.0,탄현1동
2267,탄현 1(황룡),어린이공원,경기도 고양시 일산서구 탄현동 1475,37.69766301,126.7673758,1500.0,탄현1동
2268,탄현근린,근린공원,경기도 고양시 일산서구 탄현동 산16,37.69998903,126.7752129,88210.3,탄현2동
2269,모당,근린공원,경기도 고양시 일산동구 중산동 1832,37.67791741,126.7805731,17237.6,중산2동
2270,파란,소공원,경기도 고양시 일산동구 중산동 1853,37.67939508,126.7904581,1007.2,중산2동
2271,근린공원(식사2),근린공원,경기도 고양시 일산동구 식사동 621-16,37.67089055,126.8110623,21926.0,식사동
2272,어린이공원(식사2),어린이공원,경기도 고양시 일산동구 식사동 산106-2,37.67297712,126.8116032,1525.0,식사동
2273,소공원(식사2),소공원,경기도 고양시 일산동구 식사동 625-3,37.67301071,126.8082574,1486.0,식사동
2274,문화공원(요진Y-City),문화공원,경기도 고양시 일산동구 백석동 1237-1,37.64336554,126.7920516,5742.0,백석1동
2275,일산문화공원,근린공원,경기도 고양시 일산동구 장항동 845,37.65948674,126.7726989,54226.4,장항2동
2276,식사근린3(방아고개),근린공원,경기도 고양시 일산동구 식사동 1569,37.67423648,126.8110443,15220.0,식사동
2277,식사근린2(식사중앙),근린공원,경기도 고양시 일산동구 식사동 1535,37.67777805,126.8138635,31578.0,식사동
2278,식사어린이6(저현),어린이공원,경기도 고양시 일산동구 식사동 1566,37.675631,126.8123988,2600.0,식사동
2279,식사어린이5(올림푸스놀이),어린이공원,경기도 고양시 일산동구 식사동 1511,37.68300188,126.8074054,5210.0,식사동
2280,식사어린이4(과학),어린이공원,경기도 고양시 일산동구 식사동 1502,37.68018521,126.8153401,2600.0,식사동
2281,식사어린이3(바람놀이),어린이공원,경기도 고양시 일산동구 식사동 1509,37.68164852,126.8095471,2600.0,식사동
2282,식사어린이2(식사숲속),어린이공원,경기도 고양시 일산동구 식사동 1496,37.68275713,126.8171515,2605.0,식사동
2283,식사어린이1(상상),어린이공원,경기도 고양시 일산동구 식사동 1588,37.67456234,126.8075159,2605.0,식사동
2284,식사근린1(어침이),근린공원,경기도 고양시 일산동구 식사동 1478,37.68539245,126.8122132,25004.0,식사동
2285,수변공원,근린공원,경기도 고양시 일산동구 장항동 1798-1,37.65789838,126.7583196,81511.2,장항1동
2286,풍동(풍식사2),문화공원,경기도 고양시 일산동구 풍동 184,37.66450853,126.8035678,3726.0,풍산동
2724,신창,어린이공원,서울특별시 도봉구 창동 449-103,37.64005013,127.0408422,579.0,창3동
2725,달내,어린이공원,서울특별시 도봉구 창동 630-4,37.642803,127.0352563,1001.0,창2동
2726,장미,어린이공원,서울특별시 도봉구 창동 553-8,37.638146,127.036365,1000.0,창2동
2727,다람쥐,어린이공원,서울특별시 도봉구 창동 624-16,37.64520352,127.0349066,988.0,창2동
2728,창고개,어린이공원,서울특별시 도봉구 창동 608-5,37.64476713,127.039341,990.0,창2동
2729,창골,어린이공원,서울특별시 도봉구 창동 381,37.643075,127.048626,4236.0,창1동
2730,뱃골,어린이공원,서울특별시 도봉구 창동 368,37.64881821,127.0455437,2319.0,창1동
2731,밤골,어린이공원,서울특별시 도봉구 창동 368,37.64881821,127.0455437,2279.0,창1동
2732,반석,어린이공원,서울특별시 도봉구 창동 354,37.64716834,127.0412891,2596.0,창1동
2733,은행나무,어린이공원,서울특별시 도봉구 창동 347,37.64999808,127.0433017,3199.0,창1동
2734,꿈동산,어린이공원,서울특별시 도봉구 창동 663-1,37.65028686,127.036861,1008.0,창1동
2735,뒷말,어린이공원,서울특별시 도봉구 방학동 662-34,37.66496533,127.0356152,1000.0,방학2동
2736,서울창포원,기타,서울특별시 도봉구 도봉동 4-1,37.6895,127.0471623,51146.0,도봉2동
2737,다락원체육공원,체육공원,서울특별시 도봉구 도봉동 8,37.69154967,127.0470117,49830.0,도봉2동
2738,학골,소공원,서울특별시 도봉구 방학동 735-4,37.66179652,127.0367282,149.0,방학1동
2739,방학,소공원,서울특별시 도봉구 방학동 304-20,37.66309614,127.0322564,305.0,방학2동
2740,무수골,소공원,서울특별시 도봉구 도봉동 427-89,37.67872504,127.0395213,854.0,도봉1동
2741,무수울,소공원,서울특별시 도봉구 도봉동 470-13,37.67823258,127.0361831,161.0,도봉1동
2742,창3마을공원,소공원,서울특별시 도봉구 창동 504-21,37.63310961,127.0411969,331400.0,창3동
2743,창2마을공원,소공원,서울특별시 도봉구 창동 582-22,37.64135474,127.0361404,310430.0,창2동
2744,쌍문1구역,소공원,서울특별시 도봉구 쌍문동 732,37.64788419,127.0240704,118790.0,쌍문1동
2745,누원,어린이공원,서울특별시 도봉구 도봉동 626,37.67739606,127.0471641,1515.0,도봉2동
2746,갈대밭,어린이공원,서울특별시 도봉구 도봉동 629-6,37.67761781,127.0493276,973.0,도봉2동
2747,무수,어린이공원,서울특별시 도봉구 도봉동 585,37.68154186,127.0428342,1003.0,도봉1동
2748,새동네,어린이공원,서울특별시 도봉구 도봉동 289-5,37.68889354,127.0431764,1289.0,도봉1동
2749,서원,어린이공원,서울특별시 도봉구 도봉동 576-13,37.68386081,127.0432817,921.0,도봉1동
2750,해태,어린이공원,서울특별시 도봉구 도봉동 614-37,37.67195803,127.0411999,962.0,도봉1동
2751,무지개,어린이공원,서울특별시 도봉구 도봉동 570-13,37.685648,127.045024,921.0,도봉1동
2752,창원,어린이공원,서울특별시 도봉구 창동 307,37.65298653,127.0403959,2329.0,창5동
2753,미화,어린이공원,서울특별시 도봉구 창동 715-17,37.65501352,127.0396967,996.0,창5동
2754,대창,어린이공원,서울특별시 도봉구 창동 38-4,37.64436186,127.0522613,1500.0,창4동
2755,모랫,어린이공원,서울특별시 도봉구 창동 30-1,37.64683187,127.0517828,1500.0,창4동
2756,유만,어린이공원,서울특별시 도봉구 창동 33-4,37.65038208,127.0529523,1500.0,창4동
2757,효자,어린이공원,서울특별시 도봉구 창동 1-10,37.65511059,127.0508313,1573.0,창4동
2758,물방울,어린이공원,서울특별시 도봉구 창동 458-6,37.63771613,127.0413394,646.0,창3동
2759,샘말,어린이공원,서울특별시 도봉구 방학동 612-28,37.66812722,127.0315428,1085.0,방학2동
2760,개나리,어린이공원,서울특별시 도봉구 방학동 638-12,37.66733162,127.0371368,960.0,방학2동
2761,생잇들,어린이공원,서울특별시 도봉구 방학동 644-28,37.66900475,127.039176,970.0,방학2동
2762,금성윗들,어린이공원,서울특별시 도봉구 방학동 717-1,37.66773077,127.0449375,1289.0,방학1동
2763,소망,어린이공원,서울특별시 도봉구 방학동 547,37.66029179,127.0222644,973.0,방학3동
2764,사슴,어린이공원,서울특별시 도봉구 방학동 681-13,37.6644568,127.0417367,970.0,방학1동
2765,무궁화,어린이공원,서울특별시 도봉구 방학동 655-31,37.6678,127.0421,1003.0,방학1동
2766,둥근달,어린이공원,서울특별시 도봉구 쌍문동 139-101,37.64970515,127.0301301,1013.0,쌍문3동
2767,샛별,어린이공원,서울특별시 도봉구 쌍문동 315-362,37.648073,127.029196,331.0,쌍문3동
2768,노해,어린이공원,서울특별시 도봉구 쌍문동 85-7,37.65132976,127.0335737,1019.0,쌍문2동
2769,꽃동네,어린이공원,서울특별시 도봉구 쌍문동 286-32,37.65060359,127.0229687,317.0,쌍문1동
2770,월천근린공원,근린공원,서울특별시 도봉구 창동 30,37.647271,127.052318,10712.0,창4동
2771,둘리(쌍문),근린공원,서울특별시 도봉구 쌍문동 산 240-5,37.65242986,127.0276385,264718.0,쌍문1동
2772,초안산,근린공원,서울특별시 도봉구 창동 산24,37.647426,127.0413841,404631.0,창1동
2796,효정공원,어린이공원,인천광역시 연수구 연수동 537-1,37.42318112,126.6719376,5994.0,연수1동
2797,함박공원,어린이공원,인천광역시 연수구 연수동 535-3,37.4222546,126.6810562,5028.0,연수1동
2798,부수지공원,근린공원,인천광역시 연수구 동춘동 925-4,37.40810006,126.6778858,19001.3,동춘3동
2799,동막공원,근린공원,인천광역시 연수구 동춘동 932-2,37.403544,126.6737375,10000.1,동춘2동
2800,동춘공원,근린공원,인천광역시 연수구 동춘동 938-2,37.40873816,126.6701075,10000.1,동춘1동
2801,문화공원,근린공원,인천광역시 연수구 연수동 578,37.41812199,126.6823541,41908.8,연수3동
2802,송도  13호 어린이공원,어린이공원,인천광역시 연수구 송도동 19-8,37.39464032,126.6425438,1499.8,송도2동
2803,송도  12호 어린이공원,어린이공원,"인천광역시 연수구 송도동 19-4, 13",37.39802178,126.6376099,1500.1,송도2동
2804,연수체육공원,체육공원,인천광역시 연수구 연수동 636,37.407803,126.685517,20000.0,연수2동
2805,옥련공원,어린이공원,인천광역시 연수구 옥련동 644-5,37.42510112,126.653811,1425.1,옥련1동
2880,가락1(시영아파트),어린이공원,서울특별시 송파구 가락동 479,37.49761457,127.1025318,1617.7,가락1동
2881,향유(거마재정비),근린공원,서울특별시 송파구 거여동 200-4 일대,37.494489,127.147614,10569.0,거여2동
2882,잠실주공5단지 근린공원,근린공원,서울특별시 송파구 잠실동 27 일원,37.512706,127.095491,10741.0,잠실3동
2883,위례 근린공원3호,근린공원,서울특별시 송파구 거여동 산26-7임 일원,37.490844,127.139533,42448.0,위례동
2884,위례 근린공원1호,근린공원,서울특별시 송파구 거여동 491임 일원,37.483179,127.144136,200327.0,위례동
2885,문이,근린공원,서울특별시 송파구 문정동 481,37.484857,127.113722,20856.2,문정2동
2886,가락1(시영아파트),근린공원,서울특별시 송파구 가락동 479,37.49761457,127.1025318,19159.2,가락1동
2887,풍납타이어,기타,서울특별시 송파구 풍납동 483-4,37.535938,127.121564,291.0,풍납1동
2888,돌무데기놀이터,기타,서울특별시 송파구 마천동 277-52,37.492024,127.1572039,455.0,마천1동
2889,오금지구 수변공원,수변공원,서울특별시 송파구 오금동 97-21 일원,37.507619,127.136866,4302.0,오금동
2890,평화,소공원,서울특별시 송파구 방이동 42-2,37.516291,127.1119805,1651.3,방이2동
2891,늘푸른,소공원,서울특별시 송파구 마천동 578,37.49861927,127.1557171,921.0,마천2동
2892,훙이,어린이공원,서울특별시 송파구 가락본동 14,37.501139,127.1247542,1500.0,가락본동
2895,푸름소공원,소공원,서울특별시 중랑구 묵동 164-52,37.61531263,127.078096,165.9,묵1동
2896,묵  동,어린이공원,서울특별시 중랑구 묵동 396-1,37.61712154,127.0813554,1686.9,묵1동
2897,새  싹,어린이공원,서울특별시 중랑구 면목동 1545-3,37.5822886653,127.083337,6793.5,면목5동
2898,방  죽,어린이공원,서울특별시 중랑구 망우동 344-11,37.60240392,127.1026933,1002.3,망우본동
2899,갓바위,어린이공원,서울특별시 중랑구 망우동 155-2,37.59914936,127.1035307,996.0,망우본동
2900,등나무,어린이공원,서울특별시 중랑구 망우동 492-6,37.59773924,127.0966044,988.1,망우본동
2901,망우동,어린이공원,서울특별시 중랑구 망우동 583-2,37.60215539,127.1038444,2908.8,망우본동
2902,신  현,어린이공원,서울특별시 중랑구 상봉동 484-1,37.60347172,127.0897486,1492.3,상봉1동
2903,꽃피울,어린이공원,서울특별시 중랑구 신내동 660-1,37.60842712,127.0940364,1500.1,신내2동
2904,한아름,어린이공원,서울특별시 중랑구 신내동 656-1,37.61328191,127.0941169,2005.7,신내2동
2905,안  골,어린이공원,서울특별시 중랑구 신내동 474-33,37.60453182,127.0978631,184.0,신내1동
2906,먹  골,어린이공원,서울특별시 중랑구 묵동 177-5,37.61153715,127.0790717,1006.3,묵1동
2907,소  망,어린이공원,서울특별시 중랑구 묵동 240-100,37.61114293,127.0748852,1224.5,묵2동
2908,본  동,어린이공원,서울특별시 중랑구 중화동 131-20,37.60113637,127.0857752,248.0,중화1동
2909,세  화,어린이공원,서울특별시 중랑구 중화동 328-14,37.59920895,127.0738061,1147.8,중화2동
2910,배  꽃,어린이공원,서울특별시 중랑구 중화동 332-48,37.6041874,127.0749772,1396.0,중화2동
2911,초  롱,어린이공원,서울특별시 중랑구 중화동 323-14,37.5957492,127.0727829,1433.4,중화2동
2912,중화리,어린이공원,서울특별시 중랑구 중화동 280-16,37.60403621,127.0805855,941.8,중화1동
2913,봉  화,어린이공원,서울특별시 중랑구 중화동 302-57,37.59827363,127.0773921,824.8,중화2동
2914,상  리,어린이공원,서울특별시 중랑구 상봉동 136-35,37.59193672,127.0739354,1005.3,상봉2동
2915,상  봉,어린이공원,서울특별시 중랑구 상봉동 122-31,37.5931312,127.0824887,1057.5,상봉2동
2916,봉  황,어린이공원,서울특별시 중랑구 상봉동 114-1,37.59505385,127.0844896,1013.6,상봉2동
2917,구릉공원,근린공원,서울특별시 중랑구 신내동 234,37.61873149,127.1123335,25600.7,신내1동
2918,능산공원,근린공원,서울특별시 중랑구 신내동 317-2,37.611635,127.0973915,12350.6,신내1동
2919,신내어울공원,근린공원,서울특별시 중랑구 신내동 315-5,37.61398523,127.0986292,12915.6,신내1동
2920,봉화산근린공원,근린공원,서울특별시 중랑구 묵동 산 46-19,37.60899267,127.0868214,556451.3,묵1동
2971,장미아파트1호,어린이공원,서울특별시 송파구 신천동 7 일원,37.518333,127.099146,5470.0,잠실6동
2972,잠실진주,어린이공원,서울특별시 송파구 신천동 20-4 일원,37.518792,127.108557,4470.0,잠실4동
2973,문정동136 어린이공원,어린이공원,서울특별시 송파구 문정동 142 일대,37.487357,127.134752,4685.0,장지동
3019,새싹,어린이공원,서울특별시 강북구 수유3동 134-40,37.6361119,127.0195804,651.0,수유3동
3020,수유일공원,어린이공원,서울특별시 강북구 수유1동 605-389,37.6307116,127.0170455,2632.0,수유1동
3021,보등골,어린이공원,서울특별시 강북구 인수동 605-209,37.6350571,127.0184273,869.0,인수동
3022,흰구름,소공원,서울특별시 강북구 수유2동 252-16,37.6459856,127.0204707,214.0,수유2동
3023,상산,어린이공원,서울특별시 강북구 수유3동 224-4,37.6383561,127.0240152,972.9,수유3동
3024,소귀,어린이공원,서울특별시 강북구 수유3동 25-1,37.6385644,127.0186984,961.0,수유3동
3025,은모루,어린이공원,서울특별시 강북구 수유3동 172-209,37.642469,127.0267036,918.0,수유3동
3026,희망,어린이공원,서울특별시 강북구 수유3동 194-41,37.6407466,127.0243466,976.9,수유3동
3027,흰구름,어린이공원,서울특별시 강북구 수유2동 252-19,37.6455986,127.0205211,1064.0,수유2동
3207,우장,근린공원,서울특별시 강서구 화곡동 산60-1,37.55065104,126.8456037,359435.2,우장산동
3236,진달래공원,어린이공원,서울특별시 강동구 명일2동 43,37.5521507,127.1436747,2024.0,명일1동
3237,은하수공원,어린이공원,서울특별시 강동구 명일2동 55,37.552017,127.1435031,2018.0,명일1동
3238,파랑새공원,어린이공원,서울특별시 강동구 명일2동 258,37.547964,127.150864,2017.3,명일2동
3239,하늬공원,어린이공원,서울특별시 강동구 상일동 175,37.546126,127.1597286,2233.2,상일1동
3240,까치공원,어린이공원,서울특별시 강동구 상일동 177,37.547741,127.1621552,1965.8,상일1동
3241,게내공원,어린이공원,서울특별시 강동구 상일동 278,37.549262,127.171472,1500.0,상일1동
3242,동자공원,어린이공원,서울특별시 강동구 상일동 132,37.552388,127.167009,1520.8,상일1동
3243,미리내공원,어린이공원,서울특별시 강동구 상일동 122,37.554712,127.167908,4286.2,상일1동
3244,말우물공원,어린이공원,서울특별시 강동구 고덕2동 178,37.560012,127.169476,1619.1,고덕2동
3245,무지개공원,어린이공원,서울특별시 강동구 고덕2동 219,37.559162,127.164191,1967.5,고덕2동
3246,한우물공원,어린이공원,서울특별시 강동구 고덕2동 253,37.561635,127.162736,1500.0,고덕2동
3247,곰돌이공원,어린이공원,서울특별시 강동구 고덕1동 308,37.556235,127.154997,1983.0,고덕1동
3248,꿈나래공원,어린이공원,서울특별시 강동구 고덕1동 536,37.5608275,127.153742,1500.0,고덕1동
3249,화랑공원,어린이공원,서울특별시 강동구 천호2동 431-2,37.540033,127.123192,220.0,천호2동
3250,샛마을공원,근린공원,서울특별시 강동구 명일1동 288,37.550106,127.147099,11467.0,명일1동
3251,성내공원,근린공원,서울특별시 강동구 성내1동 533,37.529486,127.126516,8929.0,성내1동
3252,천암공원,어린이공원,서울특별시 강동구 천호1동 231-14,37.547844,127.136878,166.0,천호1동
3253,천호큰골목공원,어린이공원,서울특별시 강동구 천호1동 21-197,37.545101,127.138573,586.0,천호1동
3254,천호삼거리공원,어린이공원,서울특별시 강동구 천호1동 21-194,37.545489,127.138494,170.0,천호1동
3255,천일골목공원,어린이공원,서울특별시 강동구 천호1동 21-192,37.5405287,127.1314181,233.0,천호3동
3256,등마루,어린이공원,서울특별시 강서구 등촌동 641-5,37.556036,126.857412,970.9,등촌1동
3257,백석,어린이공원,서울특별시 강서구 등촌동 646-41,37.5526114739,126.863328,993.6,등촌1동
3258,등서,어린이공원,서울특별시 강서구 등촌동 639-2,37.559235,126.854759,879.7,등촌1동
3259,아리수,어린이공원,서울특별시 강서구 염창동 299-3,37.551693,126.875286,862.5,염창동
3260,백합,어린이공원,서울특별시 강서구 염창동 267-24,37.551163,126.869438,939.3,염창동
3261,이수,어린이공원,서울특별시 강서구 염창동 281-3,37.548299,126.874234,1805.1,염창동
3262,마곡하늬,근린공원,서울특별시 강서구 공항동 1220,37.556699,126.812659,24597.0,공항동
3263,마곡나루,근린공원,서울특별시 강서구 방화동 210-1,37.566183,126.813091,17283.0,방화1동
3264,서울식물원,근린공원,서울특별시 강서구 마곡동 255-1,37.569824,126.83183,503875.0,가양1동
3265,발산,근린공원,서울특별시 강서구 내발산동 739,37.5545410777,126.825837,17825.5,발산1동
3266,수명산,근린공원,서울특별시 강서구 내발산동 748,37.550967,126.829893,83807.1,발산1동
3267,까치산,근린공원,서울특별시 강서구 화곡동 산162-1,37.536938,126.843936,27658.0,화곡8동
3268,매화,근린공원,서울특별시 강서구 등촌동 630-14,37.557535,126.852151,1980.4,등촌3동
3269,옹기골,근린공원,서울특별시 강서구 방화동 842,37.573562,126.821695,9723.6,방화3동
3270,방화,근린공원,서울특별시 강서구 방화동 855,37.580907,126.8141207095,72132.0,방화3동
3271,서낭당,근린공원,서울특별시 강서구 등촌동 706,37.558865,126.849984,10248.8,등촌3동
3272,등촌,근린공원,서울특별시 강서구 등촌동 687-4,37.563683,126.841391,10051.6,등촌3동
3273,원당,근린공원,서울특별시 강서구 등촌동 690-5,37.559782,126.842567,10096.4,등촌3동
3274,황금내,근린공원,서울특별시 강서구 가양동 1485-5,37.561783,126.864104,22002.9,가양3동
3275,구암,근린공원,서울특별시 강서구 가양동 1471,37.567599,126.853729,29843.8,가양2동
3276,공암나루,근린공원,서울특별시 강서구 가양동 1459-9,37.570635,126.849087,25680.4,가양1동
3277,등마루,근린공원,서울특별시 강서구 화곡동 산199,37.552521,126.855152,74299.0,화곡6동
3278,개화,근린공원,서울특별시 강서구 개화동 산17,37.588011,126.805798,386500.0,방화2동
3279,봉제산,근린공원,서울특별시 강서구 화곡동 산1,37.540731,126.858825,917190.0,화곡4동
3280,꿩고개,근린공원,서울특별시 강서구 방화동 산97-1,37.578139,126.816895,180000.0,방화3동
3281,염창,근린공원,서울특별시 강서구 염창동 산24-1,37.557765,126.868792,112070.0,염창동
3282,궁산,근린공원,서울특별시 강서구 가양동 산4-7,37.574254,126.841332,135002.7,가양1동
3283,두레어린이공원,어린이공원,서울특별시 송파구 마천동 364-5 일대,37.494278,127.156245,75.0,마천1동
3284,탄천,기타,서울특별시 송파구 장지동 ~ 한강합류점,37.499063,127.088061,161970.0,삼전동
3285,올림픽공원,기타,서울특별시 송파구 방이동 88-3 외,37.520341,127.115518,1447122.3,오륜동
3286,성내천,기타,서울특별시 송파구 마천동 ~ 한강합류점,37.500542,127.139533,61050.0,오금동
3287,백제초기적석총,역사공원,서울특별시 송파구 석촌동 248,37.50214179,127.102815,45137.8,석촌동
3288,방이동고분,역사공원,서울특별시 송파구 방이동 125,37.50757311,127.1181634,30293.7,방이1동
3289,신천어린이교통,근린공원,서울특별시 송파구 신천동 7-15,37.516022,127.101762,12755.5,잠실6동
3290,송례(위례 근린공원8호),근린공원,서울특별시 송파구 장지동 393임 일원,37.477529,127.141005,10024.6,위례동
3291,잠실주공5단지 소공원,소공원,서울특별시 송파구 잠실동 27 일원,37.513067,127.098124,8228.0,잠실3동
3292,문정동136 소공원,소공원,서울특별시 송파구 문정동 123 일대,37.487951,127.133264,407.5,장지동
3293,거여6(거마재정비),소공원,서울특별시 송파구 마천동 586 일대,37.497464,127.154635,612.0,마천1동
3294,거여5(거마재정비),소공원,서울특별시 송파구 마천동 276 일대,37.491148,127.157751,7682.0,마천1동
3295,거여4(거마재정비),소공원,서울특별시 송파구 마천동 364-8 일대,37.494411,127.156222,5420.0,마천1동
3296,거여3(거마재정비),소공원,서울특별시 송파구 마천동 363-2 일대,37.494838,127.155509,591.0,마천1동
3297,거여2(거마재정비),소공원,서울특별시 송파구 마천동 327-7 일대,37.491039,127.156702,1501.0,마천1동
3298,장미아파트2호,어린이공원,서울특별시 송파구 신천동 11 일원,37.520392,127.103546,3288.0,잠실6동
3299,상일공원,근린공원,서울특별시 강동구 상일동 188,37.5469247,127.167312,9704.0,상일1동
3300,동명공원,근린공원,서울특별시 강동구 고덕2동 229 외1,37.561146,127.164455,99599.9,고덕2동
3301,방죽공원,근린공원,서울특별시 강동구 고덕2동 296,37.5591586,127.1598268,87748.6,고덕2동
3302,샘터공원,근린공원,서울특별시 강동구 고덕2동 287,37.561901,127.159087,63320.9,고덕2동
3303,동자공원,근린공원,서울특별시 강동구 고덕1동 648,37.559711,127.152467,6416.6,고덕1동
3304,두레공원,근린공원,서울특별시 강동구 고덕1동 497,37.558206,127.152203,13460.2,고덕1동
3305,까치공원,근린공원,서울특별시 강동구 고덕1동 493,37.557079,127.149995,19464.8,고덕1동
3306,송림공원,근린공원,서울특별시 강동구 고덕동 310,37.55504732,127.1539494,11491.0,고덕1동
3307,원터공원,근린공원,서울특별시 강동구 명일2동 37,37.5524155,127.1430368,24508.5,명일1동
3309,골말,어린이공원,서울특별시 강서구 화곡동 865-1,37.533313,126.8560516878,977.9,화곡2동
3310,곰돌이,어린이공원,서울특별시 강서구 화곡동 900-46,37.529614,126.845017,1006.9,화곡1동
3311,호돌이,어린이공원,서울특별시 강서구 화곡동 906-26,37.528191,126.846009,811.6,화곡1동
3312,다운,어린이공원,서울특별시 강서구 화곡동 346-26,37.532101,126.844653,1290.6,화곡1동
3313,필마,어린이공원,서울특별시 강서구 화곡동 355-12,37.531491,126.8388196017,1615.5,화곡1동
3314,버들,어린이공원,서울특별시 강서구 화곡동 424-45,37.531101,126.841222,1087.2,화곡1동
3315,효심,어린이공원,서울특별시 강서구 화곡동 922-10,37.529495,126.840632,1056.5,화곡1동
3316,한글,어린이공원,서울특별시 강서구 화곡동 56-3,37.538536,126.850451,965.0,화곡본동
3317,참새,어린이공원,서울특별시 강서구 화곡동 56-638,37.539725,126.847003,256.0,화곡본동
3318,박장,어린이공원,서울특별시 강서구 화곡동 56-25,37.540768,126.849087,929.0,화곡본동
3319,산새,어린이공원,서울특별시 강서구 화곡동 772,37.546268,126.850385,539.0,화곡본동
3320,소나무,어린이공원,서울특별시 강서구 화곡동 29-31,37.547058,126.847807,942.0,화곡본동
3321,꿈돌이,어린이공원,서울특별시 강서구 화곡동 24-128,37.546097,126.845352,1507.0,화곡본동
3322,큰별,어린이공원,서울특별시 강서구 화곡동 46-41,37.544454,126.848941,1067.0,화곡본동
3323,비둘기,어린이공원,서울특별시 강서구 화곡동 61-96,37.541392,126.846938,1086.0,화곡본동
3324,까치산,어린이공원,서울특별시 강서구 화곡동 102-206,37.538280207,126.844436,1805.0,화곡본동
3325,노을,어린이공원,서울특별시 강서구 화곡동 105-194,37.539837,126.843928,1031.0,화곡본동
3326,볏골,어린이공원,서울특별시 강서구 화곡동 98-99,37.541815,126.844354,4219.0,화곡본동
3327,구름,어린이공원,서울특별시 강서구 화곡동 98-22,37.543303,126.844116,833.0,화곡본동
3328,코끼리,어린이공원,서울특별시 강서구 등촌동 702-1,37.563238,126.848535,1594.5,등촌3동
3329,새벗,어린이공원,서울특별시 강서구 등촌동 688-3,37.560711,126.840304,1565.8,등촌3동
3330,푸르매,어린이공원,서울특별시 강서구 등촌동 705-3,37.559023,126.847504,1538.3,등촌3동
3331,채송화,어린이공원,서울특별시 강서구 등촌동 694-1,37.562841,126.846117,1544.9,등촌3동
3332,백합,어린이공원,서울특별시 강서구 등촌동 695-4,37.559219,126.844996,1547.4,등촌3동
3333,새나라,어린이공원,서울특별시 강서구 등촌동 707-2,37.561557,126.852004,1563.4,등촌3동
3334,한마음,어린이공원,서울특별시 강서구 등촌동 690-3,37.560521,126.843248,1791.8,등촌3동
3335,능안,어린이공원,서울특별시 강서구 등촌동 517-1,37.546638,126.859908,853.9,등촌2동
3336,도림,어린이공원,서울특별시 강서구 등촌동 635-1,37.555596,126.862861,1033.8,등촌1동
3338,배다리,어린이공원,서울특별시 강서구 화곡동341-24,37.532144,126.848303,1630.1,화곡8동
3339,까치산,어린이공원,서울특별시 강서구 화곡동354-14,37.533488,126.841904,1163.6,화곡1동
3340,은행,어린이공원,서울특별시 강서구 화곡동369-11,37.535821,126.840511,1123.6,화곡1동
3341,초롱,어린이공원,서울특별시 강서구 화곡동1088-16,37.5381002197,126.836229,946.0,화곡1동
3342,월정,어린이공원,서울특별시 강서구 화곡동372-26,37.535153,126.836008,1181.5,화곡1동
3343,솔뫼,어린이공원,서울특별시 강서구 화곡동379-32,37.538112,126.838674,1981.5,화곡1동
3344,백연,어린이공원,서울특별시 강서구 화곡동980-2,37.550667,126.851903,1107.4,화곡6동
3345,연지,어린이공원,서울특별시 강서구 화곡동1109,37.554707,126.853537,629.1,화곡6동
3346,새말,어린이공원,서울특별시 강서구 화곡동994-5,37.552035,126.846474,969.6,화곡6동
3347,역말,어린이공원,서울특별시 강서구 화곡동978-18,37.549726,126.848944,982.1,화곡6동
3348,화곡3주구2,어린이공원,서울특별시 강서구 화곡동1165-6,37.545177,126.840547,3466.8,우장산동
3349,화곡3주구1,어린이공원,서울특별시 강서구 화곡동1165-2,37.5461395311,126.836964,4504.2,우장산동
3350,개나리,어린이공원,서울특별시 강서구 화곡동75-3,37.548372,126.844024,285.0,우장산동
3351,범바위,어린이공원,서울특별시 강서구 화곡동1061-36,37.543234,126.841377,973.6,우장산동
3352,화곡2주구2,어린이공원,서울특별시 강서구 화곡동1159-3,37.548723,126.8387004014,2438.2,우장산동
3353,화곡2주구1,어린이공원,서울특별시 강서구 화곡동1159-2,37.550201,126.838658,2438.3,우장산동
3354,종달새,어린이공원,서울특별시 강서구 화곡동819-5,37.535302,126.858021,991.4,화곡4동
3355,능골,어린이공원,서울특별시 강서구 화곡동468-1,37.536752,126.855316,997.2,화곡4동
3356,무지개,어린이공원,서울특별시 강서구 화곡동806-10,37.533937,126.861301,976.2,화곡4동
3357,달빛,어린이공원,서울특별시 강서구 화곡동783-1,37.531248,126.862932,976.2,화곡4동
3358,두레,어린이공원,서울특별시 강서구 화곡동 792-9,37.531104,126.859414,986.1,화곡4동
3359,천사,어린이공원,서울특별시 강서구 화곡동 1139-1,37.5468298505,126.833001,2395.2,화곡3동
3360,대원,어린이공원,서울특별시 강서구 화곡동 1022,37.544928,126.835911,276.9,화곡3동
3361,수명산,어린이공원,서울특별시 강서구 화곡동 1044-31,37.540958,126.834336,984.9,화곡3동
3362,미리내,어린이공원,서울특별시 강서구 화곡동 1008-32,37.547649,126.834751,967.5,화곡3동
3363,바탕골,어린이공원,서울특별시 강서구 화곡동 1016-34,37.5447004433,126.834711,976.6,화곡3동
3364,하마터,어린이공원,서울특별시 강서구 화곡동 883-3,37.530115,126.853739,1026.8,화곡2동
3365,뜸부기,어린이공원,서울특별시 강서구 화곡동 845-19,37.530115,126.856902,998.4,화곡2동
3377,진달래,어린이공원,서울특별시 강서구 가양동 1486-1,37.562375,126.860979,1500.0,가양3동
3378,비둘기,어린이공원,서울특별시 강서구 가양동 1489-1,37.559504,126.862944,1622.8,가양3동
3379,곰돌이,어린이공원,서울특별시 강서구 가양동 1482-1,37.562311,126.857433,1612.3,가양3동
3380,풀피리,어린이공원,서울특별시 강서구 가양동 1481-1,37.563578,126.8545999,1562.0,가양2동
3381,무지개,어린이공원,서울특별시 강서구 가양동 1478-1,37.565086,126.851657,1500.0,가양2동
3382,엄지,어린이공원,서울특별시 강서구 가양동 1474-1,37.5658099515,126.854721,1511.6,가양2동
3383,가양,어린이공원,서울특별시 강서구 가양동 1462-2,37.569758,126.844804,1500.0,가양1동
3384,꽃동네,어린이공원,서울특별시 강서구 가양동 1461-1,37.570095,126.847132,1510.0,가양1동
3385,아름,어린이공원,서울특별시 강서구 가양동 1465,37.568594,126.848864,1956.0,가양1동
3386,나들이,어린이공원,서울특별시 강서구 가양동 1459-1,37.571854,126.844243,1500.0,가양1동
3387,더부리,어린이공원,서울특별시 강서구 화곡동339-19,37.534902,126.846751,1263.7,화곡8동
3388,모태,어린이공원,서울특별시 강서구 화곡동892-17,37.529543,126.849512,1003.4,화곡8동
3389,대무,어린이공원,서울특별시 강서구 화곡동409-84,37.538002,126.847506,946.0,화곡8동
3390,안골,어린이공원,서울특별시 강서구 화곡동155-1,37.535964,126.850746,2381.8,화곡8동
3410,꿈빛,어린이공원,서울특별시 강서구 내발산동 657-3,37.556117,126.840003,1500.0,우장산동
3411,가곡,어린이공원,서울특별시 강서구 내발산동 657-2,37.555964,126.837765,2747.9,우장산동
3412,원당,어린이공원,서울특별시 강서구 내발산동 650,37.557413,126.842084,992.0,우장산동
3413,신광명,어린이공원,서울특별시 강서구 내발산동 761,37.547313,126.823007,8596.6,발산1동
3414,은행나무,어린이공원,서울특별시 강서구 내발산동 753-1,37.552158,126.823201,1764.4,발산1동
3415,수정,어린이공원,서울특별시 강서구 내발산동 741-2,37.554043,126.828743,4000.3,발산1동
3416,광명,어린이공원,서울특별시 강서구 내발산동 221-1,37.546857,126.822944,1739.0,발산1동
3417,발음,어린이공원,서울특별시 강서구 내발산동 697,37.552042,126.833204,913.6,발산1동
3421,다솜,어린이공원,서울특별시 강서구 공항동 4,37.563003,126.818161,511.0,방화1동
3422,꿈자람,어린이공원,서울특별시 강서구 공항동 484,37.564793,126.819154,2014.0,방화1동
3423,긴등마을,어린이공원,서울특별시 강서구 공항동 4-36,37.563075,126.818681,1645.3,방화1동
3424,개화,어린이공원,서울특별시 강서구 방화동 818,37.580248,126.812534,1512.2,방화3동
3425,꿈나무,어린이공원,서울특별시 강서구 방화동 840,37.575194,126.818941,1500.2,방화3동
3426,돌샘,어린이공원,서울특별시 강서구 방화동 837,37.576054,126.818966,1500.3,방화3동
3427,느티,어린이공원,서울특별시 강서구 방화동 799,37.579421,126.810313,1512.9,방화3동
3428,메아리,어린이공원,서울특별시 강서구 방화동 826,37.578615,126.814351,1511.6,방화3동
3429,능말,어린이공원,서울특별시 강서구 방화동 815,37.577955,126.810607,1520.7,방화3동
3430,은하수,어린이공원,서울특별시 강서구 방화동 853,37.570507,126.806548,3825.8,방화2동
3431,새싹교통,어린이공원,서울특별시 강서구 방화동 583,37.569485,126.809344,4939.0,방화2동
3432,샛별,어린이공원,서울특별시 강서구 방화동 558,37.572732,126.809505,294.0,방화2동
3433,목련,어린이공원,서울특별시 강서구 방화동 616-1,37.564958,126.807825,251.0,방화2동
3434,신대부석,어린이공원,서울특별시 강서구 방화동 411,37.583724,126.816494,1132.0,방화3동
3435,내촌,어린이공원,서울특별시 강서구 방화동 551-26,37.570073,126.808687,1149.0,방화2동
3436,민들레,어린이공원,서울특별시 강서구 방화동 648-13,37.567221,126.806731,589.0,방화2동
3437,봉선화,어린이공원,서울특별시 강서구 방화동 645-13,37.566522,126.806987,552.0,방화2동
3438,들꽃,어린이공원,서울특별시 강서구 방화동 890-1,37.570615,126.821227,705.0,방화1동
3439,도레미,어린이공원,서울특별시 강서구 방화동 184-66,37.571792,126.819136,6649.0,방화1동
3440,새싹,어린이공원,서울특별시 강서구 방화동 448-5,37.574806,126.812748,334.0,방화1동
3441,문성,어린이공원,서울특별시 강서구 방화동 608-112,37.564839,126.815435,254.0,방화1동
3442,긴등,어린이공원,서울특별시 강서구 방화동 247-201,37.5680196511,126.816194,253.0,방화1동
3443,개나리,어린이공원,서울특별시 강서구 방화동 569-14,37.573113,126.812217,252.0,방화1동
3444,쌈지,어린이공원,서울특별시 강서구 방화동 266-24,37.571268,126.814976,3973.0,방화1동
3445,송정,어린이공원,서울특별시 강서구 공항동42-11,37.560635,126.811276,397.0,공항동
3446,장미,어린이공원,서울특별시 강서구 공항동668,37.556809,126.8139434,1661.5,공항동
3447,다솔,어린이공원,서울특별시 강서구 공항동1361,37.554428,126.818292,2492.7,공항동
3448,활주로,어린이공원,서울특별시 강서구 공항동1341,37.554212,126.815978,2116.4,공항동
3807,용마산근린공원,근린공원,서울특별시 중랑구 망우동 산69-1,37.5961453305,127.1049025582,588871.2,망우본동
3808,송  계,어린이공원,서울특별시 중랑구 면목동 173-1,37.5845356519,127.0779651051,1019.5,면목5동
3809,샘  터,어린이공원,서울특별시 중랑구 면목동 656,37.57303751,127.0834002,1591.7,면목4동
3810,까  치,어린이공원,서울특별시 중랑구 면목동 570,37.58350827,127.086969,3231.7,면목제3.8동
3811,햇  살,어린이공원,서울특별시 중랑구 면목동 137-14,37.5899334,127.0832088286,867.4,면목2동
3812,남  촌,어린이공원,서울특별시 중랑구 면목동 110-1,37.58548947,127.0912564,1010.6,면목본동
3813,사  랑,어린이공원,서울특별시 중랑구 면목동 153-6,37.58564763,127.0818678,1009.9,면목5동
3814,열  매,어린이공원,서울특별시 중랑구 면목동 142-15,37.58857132,127.0809543,1192.7,면목2동
3815,오거리,어린이공원,서울특별시 중랑구 면목동 351,37.57710827,127.0844469,1357.0,면목7동
3816,겸  재,어린이공원,서울특별시 중랑구 면목동 70-3,37.5879760477,127.0932230345,975.9,면목본동
3817,양  지,어린이공원,서울특별시 중랑구 면목동 98-20,37.59020491,127.088887,979.8,면목본동
3818,면  목,어린이공원,서울특별시 중랑구 면목동 127-33,37.5895639084,127.0859226028,993.0,면목본동
3819,햇  님,어린이공원,서울특별시 중랑구 망우동 474-11,37.59360721,127.0952679,593.0,망우3동
3820,샛  별,어린이공원,서울특별시 중랑구 망우동 416-1,37.59339462,127.1008446,950.1,망우3동
3821,달동산,어린이공원,서울특별시 중랑구 망우동 520-6,37.59221339,127.095187,984.5,망우3동
3822,꽃동산,어린이공원,서울특별시 중랑구 망우동 441-1,37.59124873,127.0991535,1004.0,망우3동
3823,은하수,어린이공원,서울특별시 중랑구 신내동 650-1,37.6156627,127.0912651,1999.7,신내2동
3824,서  당,어린이공원,서울특별시 중랑구 묵동 20-1,37.61706409,127.0881222,2000.1,묵1동
3825,원  묵,어린이공원,서울특별시 중랑구 묵동 13-1,37.616747,127.084772,1500.9,묵1동
3826,청남공원,근린공원,서울특별시 중랑구 신내동 산2-45,37.62011974,127.1104604,223100.0,신내1동
3827,배말공원,근린공원,서울특별시 중랑구 신내동 819,37.6141517662,127.1119490903,19887.9,신내1동
3828,능말공원,근린공원,서울특별시 중랑구 신내동 817-4,37.6160162957,127.1080257344,19098.6,신내1동
3849,박석공원,근린공원,"인천광역시 중구 중산동 1889-4, 1911-4",37.49473516,126.5637807,352000.0,영종2동
3850,은골공원,근린공원,"인천광역시 중구 운서동 3100, 3073-1, 3124-1",37.4893448282,126.5012194,392000.0,운서2동
3851,씨사이드파크,근린공원,인천광역시 중구 중산동 1967-1,37.481753,126.5658118,1774603.0,영종1동
3897,인창체육공원,체육공원,경기도 구리시 인창동 622-28,37.604761,127.1299544,10228.0,인창동
3898,사노동체육공원,체육공원,경기도 구리시 사노동 37-1,37.63557367,127.1471454,57479.0,동구동
3899,교문동 체육공원,체육공원,경기도 구리시 교문동 3-2번지,37.59556232,127.1362762,26998.0,교문1동
3900,마골공원,역사공원,경기도 구리시 갈매동 663,37.623736,127.114253,31887.0,갈매동
3901,도당공원,역사공원,경기도 구리시 갈매동 660,37.62619056,127.1185549,26625.0,갈매동
3902,섬말공원,역사공원,"경기도 구리시 갈매동 641, 652",37.627669,127.116962,16046.0,갈매동
3903,건영공원,어린이공원,경기도 구리시 인창동 474-1,37.61277405,127.1370201,1500.0,동구동
3904,아름공원,어린이공원,경기도 구리시 인창동 491,37.61090762,127.1323979,1637.0,인창동
3905,주공6단지공원,어린이공원,경기도 구리시 인창동 668-3,37.60553815,127.1439628,1956.0,동구동
4047,강덕공원,근린공원,서울특별시 강동구 강일동 산11-6,37.558585,127.174682,46699.6,강일동
4048,암사공원,어린이공원,서울특별시 강동구 암사1동 산59-2,37.552756,127.137981,1780.0,암사1동
4049,벌말공원,근린공원,서울특별시 강동구 강일동 산8-1,37.559936,127.177202,86205.7,강일동
4050,강일공원,근린공원,서울특별시 강동구 강일동 332-5,37.569526,127.1744407,34591.6,강일동
4051,나루공원,어린이공원,서울특별시 강동구 천호2동 569-1,37.547038,127.123604,1500.0,천호2동
4052,꿈터공원,어린이공원,서울특별시 강동구 강일동 429-1,37.560861,127.180266,1804.0,강일동
4053,윤슬공원,어린이공원,서울특별시 강동구 강일동 448-1,37.562677,127.177545,2591.0,강일동
4054,꽃보라공원,어린이공원,서울특별시 강동구 강일동 317-1,37.565352,127.175724,3185.0,강일동
4055,다솜공원,어린이공원,서울특별시 강동구 강일동 333-1,37.546877,127.167582,3125.0,상일1동
4056,당말공원,어린이공원,서울특별시 강동구 천호3동 167-195,37.53912769,127.133246,2409.0,천호3동
4057,천일공원,어린이공원,서울특별시 강동구 천호1동 221-3,37.54498878,127.1362629,2408.0,천호1동
4058,암사공원,근린공원,서울특별시 강동구 암사3동 414-20,37.5565294,127.1417157,7047.0,암사3동
4059,솜다래공원,근린공원,서울특별시 강동구 암사1동 413-4,37.553691,127.141229,3993.8,암사1동
4060,솔말소공원,근린공원,서울특별시 강동구 암사3동 400-1,37.556493,127.139147,1108.6,암사3동
4061,암사동공원,소공원,서울특별시 강동구 암사동 518-1,37.54888077,127.1233123,1022.0,암사2동
4062,둔촌공원,어린이공원,서울특별시 강동구 둔촌2동 79-4,37.531437,127.143288,2226.0,둔촌2동
4063,방아다리공원,어린이공원,서울특별시 강동구 명일2동 236,37.548156,127.153648,2010.4,명일2동
4140,이촌공원,근린공원,인천광역시 계양구 효성동 산18,37.536246,126.712058,22810.0,효성1동
4141,동양공원,근린공원,인천광역시 계양구 동양동 588,37.561536,126.75937,16261.4,계양3동
4142,된밭공원,근린공원,인천광역시 계양구 작전동 53-9,37.533039,126.728486,11655.0,작전1동
4143,서운공원,근린공원,인천광역시 계양구 작전동 915-2,37.527778,126.740492,12822.4,작전서운동
4144,까치공원,근린공원,인천광역시 계양구 작전동 908,37.533006,126.737729,17043.9,작전서운동
4145,계양교통공원,근린공원,인천광역시 계양구 계산동 1085-1,37.537198,126.741863,21091.5,계산4동
4146,오조산공원,근린공원,인천광역시 계양구 용종동 208,37.540075,126.738621,18314.4,계산4동
4147,작전공원,문화공원,인천광역시 계양구 작전동 902,37.531146,126.735775,7458.5,작전서운동
4148,다남공원,체육공원,인천광역시 계양구 다남동 42-8,37.565632,126.720286,18827.0,계양1동
4149,계산공원,체육공원,인천광역시 계양구 계산동 907-1,37.545046,126.728999,22280.0,계산2동
4150,하야공원,소공원,인천광역시 계양구 하야동 64-29,37.583303,126.78108,359.3,계양3동
4151,살나리공원,소공원,인천광역시 계양구 서운동 93-2,37.537913,126.745137,669.0,작전서운동
4152,용종5공원,소공원,인천광역시 계양구 용종동 224,37.5429066687,126.7428221178,360.3,계산4동
4153,동양공원,소공원,인천광역시 계양구 동양동 615-3,37.561633,126.757908,837.6,계양3동
4154,하마리공원,소공원,인천광역시 계양구 작전동 204,37.529764,126.729214,291.0,작전1동
4300,안골공원,어린이공원,인천광역시 계양구 귤현동 486-7,37.569792,126.746641,2089.8,계양3동
4301,샘터공원,어린이공원,인천광역시 계양구 귤현동 509-5,37.567828,126.74514,1599.9,계양3동
4302,계산4공원,어린이공원,인천광역시 계양구 계산동 1068-1+4,37.537914,126.733553,2143.4,계산3동
4303,개나리공원,어린이공원,인천광역시 계양구 계산동 1067-1,37.538514,126.732612,625.7,계산3동
4304,도두리공원,어린이공원,인천광역시 계양구 작전동 912-2,37.53136,126.738459,3000.2,작전서운동
4305,은행공원,어린이공원,인천광역시 계양구 계산동 1084-1,37.537515,126.739268,2500.6,계산4동
4306,초정공원,어린이공원,인천광역시 계양구 용종동 213-1,37.540964,126.741689,2368.1,계산4동
4307,학마을공원,어린이공원,인천광역시 계양구 병방동 432-4,37.544163,126.74203,6634.0,계양2동
4308,임학공원,어린이공원,인천광역시 계양구 임학동 135,37.548389,126.733413,8339.9,계양2동
4309,병방공원,어린이공원,인천광역시 계양구 병방동 367,37.54814,126.738034,1667.5,계양2동
4310,방축공원,어린이공원,인천광역시 계양구 방축동 211,37.550528,126.740316,1810.0,계양2동
4311,고향골공원,어린이공원,인천광역시 계양구 계산동 982,37.540569,126.719511,1485.4,계산1동
4312,낙원공원,어린이공원,인천광역시 계양구 임학동 25,37.546462,126.737528,900.8,계양2동
4313,안남공원,어린이공원,인천광역시 계양구 계산동 949,37.54123,126.727323,1449.2,계산1동
4314,부일공원,어린이공원,인천광역시 계양구 계산동 930-1,37.544808,126.723221,1171.3,계산2동
4315,작전공원,어린이공원,인천광역시 계양구 작전동 414,37.525675,126.725359,9427.1,작전1동
4316,효성공원,어린이공원,인천광역시 계양구 효성동 223,37.526738,126.715671,10877.0,효성2동
4317,갈개공원,근린공원,인천광역시 계양구 작전동 750,37.535545,126.720468,7437.0,작전2동
4318,동산공원,어린이공원,인천광역시 계양구 장기동 131,37.579498,126.730646,4845.9,계양1동
4319,동양택지2공원,어린이공원,인천광역시 계양구 동양동 582-1,37.558658,126.758387,1930.2,계양3동
4320,동양택지1공원,어린이공원,인천광역시 계양구 동양동 575-1,37.559059,126.753403,2368.0,계양3동
4321,굴재공원,어린이공원,인천광역시 계양구 귤현동 499-6,37.567896,126.749039,1600.4,계양3동
4373,돌무데기,어린이공원,서울특별시 송파구 마천동 375,37.492001,127.155103,97.6,마천1동
4374,돌마리,어린이공원,서울특별시 송파구 석촌동 258,37.5006205,127.103249,1715.6,석촌동
4375,도담,어린이공원,서울특별시 송파구 마천동 583,37.49962097,127.159557,4138.0,마천1동
4376,대건,어린이공원,서울특별시 송파구 가락동 165-4,37.4971171,127.1320317,1500.0,가락2동
4377,능골,어린이공원,서울특별시 송파구 가락동 198,37.493129,127.133207,1484.7,가락2동
4378,늘봄,어린이공원,서울특별시 송파구 장지동 123-1,37.487571,127.133988,3004.4,장지동
4379,남천,어린이공원,서울특별시 송파구 마천동 344,37.501303,127.1527103,282.9,마천2동
4414,목숙교공원,소공원,인천광역시 계양구 서운동 221-7,37.5308974758,126.754827,2919.1,작전서운동
4415,길머리공원,소공원,인천광역시 계양구 서운동 210,37.5361447811,126.753471,4999.5,작전서운동
4416,박촌공원,어린이공원,인천광역시 계양구 박촌동 149-29,37.557544,126.747451,4019.0,계양1동
4417,양촌공원,어린이공원,인천광역시 계양구 병방동 33-2,37.548758,126.745885,4285.0,계양2동
4418,소양공원,어린이공원,인천광역시 계양구 박촌동 38,37.558197,126.741599,2431.0,계양1동
4419,들놀이공원,어린이공원,인천광역시 계양구 귤현동 231,37.565824,126.751777,6285.0,계양3동
4420,계산1호공원,어린이공원,인천광역시 계양구 계산동 944-20,37.542757,126.723728,1197.4,계산1동
4421,살나리공원,어린이공원,인천광역시 계양구 서운동 185-1,37.536298,126.746173,2053.5,작전서운동
4422,서녘공원,어린이공원,인천광역시 계양구 동양동 620-2,37.560911,126.757735,1517.3,계양3동
4423,모텡이공원,어린이공원,인천광역시 계양구 동양동 607,37.561596,126.754568,1637.5,계양3동
4424,양지말공원,어린이공원,인천광역시 계양구 동양동 592,37.563848,126.754115,8957.7,계양3동
4425,장터공원,어린이공원,인천광역시 계양구 장기동 146,37.578382,126.736734,2202.8,계양1동
4426,중앙공원,어린이공원,인천광역시 계양구 장기동 136,37.577607,126.734374,2384.5,계양1동
4427,장기공원,어린이공원,인천광역시 계양구 장기동 124,37.577702,126.731422,1683.8,계양1동
4438,서운공원,어린이공원,인천광역시 계양구 서운동 127-30일원,37.528747,126.7482088787,3191.1,작전서운동
4439,꿈나무공원,어린이공원,인천광역시 계양구 효성동 72-9,37.529688,126.711728,4741.0,효성1동
4440,쑥쑥공원,어린이공원,인천광역시 계양구 효성동 268-9일원,37.528281,126.715082,1532.0,효성1동
4441,귤현3공원,어린이공원,인천광역시 계양구 귤현동 산9일원,37.564738,126.74841,1506.0,계양3동
4442,귤현2공원,어린이공원,인천광역시 계양구 귤현동 228일원,37.566854,126.749699,1507.0,계양3동
4443,귤현1공원,어린이공원,인천광역시 계양구 귤현동 212-2일원,37.568514,126.750446,1508.1,계양3동
4444,도두머리공원,근린공원,인천광역시 계양구 서운동16-9,37.527673,126.745215,12365.0,작전서운동
4445,귤현공원,근린공원,인천광역시 계양구 귤현동 산 10-5,37.567293,126.747116,33.003,계양3동
4446,갈현체육공원,체육공원,인천광역시 계양구 갈현동 산52-9,37.576735,126.73003,45895.0,계양1동
4447,상야공원,어린이공원,인천광역시 계양구 상야동 12-9,37.580616,126.778864,1500.5,계양3동
4448,장성제공원,근린공원,인천광역시 계양구 서운동 223-1,37.529492,126.74813,20527.9,작전서운동
4449,장두못공원,근린공원,인천광역시 계양구 서운동 223,37.529493,126.74813,25236.3,작전서운동
4450,거여목공원,체육공원,인천광역시 계양구 서운동 215,37.534047,126.756463,18827.0,작전서운동
4598,소촌공원,어린이공원,인천광역시 남동구 남촌동 308-1,37.43043644,126.7151643,524.0,남촌도림동
4634,랜드마크시티 1호 수변공원,수변공원,인천광역시 연수구 송도동 308-2,37.41225764,126.6101271,77873.0,송도5동
4635,랜드마크시티 3호 수변공원,수변공원,인천광역시 연수구 송도동 116,37.38350683,126.6182251,60158.0,송도4동
4636,랜드마크시티3호 근린공원,근린공원,인천광역시 연수구 송도동 326,37.40830622,126.6208503,57723.0,송도4동
4637,랜드마크시티1호 체육공원,체육공원,인천광역시 연수구 송도동 330-1,37.41253666,126.6325869,148648.6,송도2동
4638,글로벌파크,근린공원,인천광역시 연수구 송도동 191-1,37.37627624,126.6594134,194746.9,송도3동
4639,솔찬공원,근린공원,인천광역시 연수구 송도동 13-20,37.36667165,126.6385425,197430.95,송도1동
4640,달빛공원,근린공원,인천광역시 연수구 송도동 1,37.39543995,126.6593123,1033030.0,송도1동
4641,신송공원,근린공원,인천광역시 연수구 송도동 3-41,37.39049262,126.6584198,38919.9,송도1동
4642,새아침공원,근린공원,인천광역시 연수구 송도동 2-1,37.39613488,126.6561184,102024.0,송도1동
4643,미추홀공원,근린공원,인천광역시 연수구 송도동 9-1,37.38238888,126.6494992,160093.5,송도1동
4644,해돋이공원,근린공원,인천광역시 연수구 송도동 5-1,37.3885069,126.6547092,209509.2,송도1동
4645,센트럴파크,근린공원,인천광역시 연수구 송도동 24-5,37.39226675,126.636342,351113.9,송도2동
4707,마석제3호어린이공원(물놀이장),어린이공원,경기도 남양주시 화도읍 마석우리 568,37.6557032,127.2995458,1610.0,화도읍
4708,마석제1호어린이공원,어린이공원,경기도 남양주시 화도읍 마석우리 346,37.6596308,127.3027924,1530.0,화도읍
4709,평내2호공원,근린공원,경기도 남양주시 평내동 560,37.64219204,127.2306887,14447.0,평내동
4710,호평4호공원,어린이공원,경기도 남양주시 호평동 647,37.6552573,127.2461546,2667.0,호평동
4711,호평제2호어린이공원,어린이공원,경기도 남양주시 호평동 675,37.6566311,127.2493145,1968.0,호평동
4712,호평제3호어린이공원,어린이공원,경기도 남양주시 호평동 627-1,37.65547409,127.2416723,1955.0,호평동
4713,호평1호공원,어린이공원,경기도 남양주시 호평동 614,37.6611005,127.2438936,1730.0,호평동
4714,평내4호공원,어린이공원,경기도 남양주시 평내동 564-1,37.6417717,127.2353984,2698.0,평내동
4715,평내5호공원,어린이공원,경기도 남양주시 평내동 617-5,37.6400366,127.2361973,1510.0,평내동
4716,평내3호공원,어린이공원,경기도 남양주시 평내동 566,37.643211,127.234748,1500.0,평내동
4717,평내택지소공원,소공원,경기도 남양주시 평내동 592,37.6464488,127.2393903,1116.0,평내동
4718,평내1호어린이공원,어린이공원,경기도 남양주시 평내동 585-4,37.6470343,127.2367724,1866.0,평내동
4719,진영공원,근린공원,경기도 남양주시 화도읍 마석우리 551,37.65815984,127.2995319,59924.0,화도읍
4720,도농 제4호공원,어린이공원,경기도 남양주시 다산동 4002-1,37.61101957,127.1562291,1500.0,다산1동
4721,도농 제1호공원,어린이공원,경기도 남양주시 다산동 4002-1,37.61102092,127.1562274,1500.0,다산1동
4722,청학5호공원,어린이공원,경기도 남양주시 별내면 청학리 350-4,37.7112326,127.1145394,1545.0,별내면
4723,창현제1호어린이공원,어린이공원,경기도 남양주시 화도읍 창현리 722,37.6513568,127.3024202,3174.0,화도읍
4724,창현제6호어린이공원,어린이공원,경기도 남양주시 화도읍 창현리 770,37.64433776,127.3006787,2001.0,화도읍
4725,창현제2호어린이공원,어린이공원,경기도 남양주시 화도읍 창현리 744,37.6495911,127.303723,1503.0,화도읍
4726,덕소5호공원,어린이공원,경기도 남양주시 와부읍 덕소리 111-4,37.58496715,127.2129819,2050.0,와부읍
4727,청학1호공원,어린이공원,경기도 남양주시 별내면 청학리 420-2,37.70974568,127.1130988,1501.0,별내면
4728,청학3호공원,어린이공원,경기도 남양주시 별내면 청학리 409-4,37.71018669,127.1176621,1741.0,별내면
4729,청학공원,근린공원,경기도 남양주시 별내면 청학리 410,37.7108087,127.1204179,10071.0,별내면
4730,청학4호공원,어린이공원,경기도 남양주시 별내면 청학리 411-2,37.7081852,127.1202594,2750.0,별내면
4731,청학2호공원,어린이공원,경기도 남양주시 별내면 청학리 419-3,37.7095123,127.1157888,1503.0,별내면
4732,덕소3호공원,어린이공원,경기도 남양주시 와부읍 덕소리 606-1,37.588254,127.2097691,1500.0,와부읍
4733,호평lh1단지어린이공원,어린이공원,경기도 남양주시 호평동 726-4,37.6617375,127.2405414,1503.0,호평동
4734,퇴계원 물놀이장 어린이공원,어린이공원,경기도 남양주시 퇴계원읍 퇴계원리 369-7,37.65899185,127.1450118,2208.0,퇴계원읍
4735,진건물놀이장,어린이공원,경기도 남양주시 진건읍 사능리 645-7,37.6551243,127.1800891,1905.0,진건읍
4736,영락공원,묘지공원,경기도 남양주시 진건읍 사능리 산 1-1,37.6642595,127.2048522,281785.0,진건읍
4737,호만5지구 어린이공원,어린이공원,경기도 남양주시 호평동 729-2,37.65748855,127.2488667,3357.0,호평동
4738,창현제4호어린이공원,어린이공원,경기도 남양주시 화도읍 창현리 756,37.64900798,127.3013676,2204.0,화도읍
4739,창현제5호어린이공원,어린이공원,경기도 남양주시 화도읍 창현리 763,37.64598147,127.2989328,2038.0,화도읍
4740,창현제3호어린이공원,어린이공원,경기도 남양주시 화도읍 창현리 749,37.6474158,127.3045481,2000.0,화도읍
4741,중앙공원,근린공원,경기도 남양주시 호평동 620,37.6588764,127.2422816,57710.0,호평동
4742,평내1호근린공원,근린공원,경기도 남양주시 평내동 427-5,37.6443214,127.2309081,29356.0,평내동
4743,진접물놀이장,어린이공원,경기도 남양주시 진접읍 장현리 677-2,37.7151558,127.1816603,1509.0,진접읍
4744,금곡물놀이장,어린이공원,경기도 남양주시 금곡동 656,37.6256228,127.2021588,1762.0,금곡동
4745,도곡1공원,근린공원,경기도 남양주시 와부읍 도곡리 1114-2,37.5765337,127.220081,11898.0,와부읍
4746,퇴계3호공원,어린이공원,경기도 남양주시 퇴계원읍 퇴계원리 259-8,37.6513146,127.142909,1414.0,퇴계원읍
4747,도농 제3호공원,어린이공원,경기도 남양주시 다산동 4002-1,37.61101957,127.1562291,1500.0,다산1동
4748,도농 제2호공원,어린이공원,경기도 남양주시 다산동 4002-1,37.61101957,127.1562291,1500.0,다산1동
4749,청학6호공원,어린이공원,경기도 남양주시 별내면 청학리 475,37.7090457,127.1138874,1463.0,별내면
4750,덕소2호공원,어린이공원,경기도 남양주시 와부읍 덕소리 600-3,37.585772,127.2074266,1501.0,와부읍
4751,홍제2구역(홍제센트럴아이파크),어린이공원,서울특별시 서대문구 홍제1동 473-1,37.584298,126.944335,2499.0,홍제1동
4752,홍제1구역(푸르지오센트럴파크),어린이공원,서울특별시 서대문구 홍제1동 44-45,37.584298,126.944335,2281.0,홍제1동
4753,홍은2구역(힐스테이트홍은포레스트),어린이공원,서울특별시 서대문구 홍은2동 340-3,37.579199,126.950407,1991.0,홍제1동
4754,홍은동,어린이공원,서울특별시 서대문구 홍은동 8-158,37.585383,126.923769,1552.0,홍은2동
4755,홍연,어린이공원,서울특별시 서대문구 홍은동 408-4,37.5801270701,126.9268015076,965.1,홍은2동
4756,홍남,어린이공원,서울특별시 서대문구 홍은동 405-3,37.5779912763,126.9291886853,970.9,홍은2동
4757,해담는,어린이공원,서울특별시 서대문구 북가좌동 325-20,37.5824247763,126.9104652559,793.0,북가좌2동
4758,한성,어린이공원,서울특별시 서대문구 북아현동 147-48,37.582423,126.910475,2240.8,북가좌2동
4759,은가,어린이공원,서울특별시 서대문구 북가좌동 3-39,37.5828050681,126.9194629437,1312.0,북가좌2동
4795,부들공원,근린공원,인천광역시 부평구 삼산동 541,37.5152706,126.7485482,12199.0,삼산2동
4871,해오름공원,근린공원,인천광역시 남동구 논현동 775,37.38725249,126.7269798,34712.0,논현고잔동
4872,하늬공원,근린공원,인천광역시 남동구 논현동 755-7,37.39754685,126.7325644,10633.0,논현고잔동
4873,한아름공원,근린공원,인천광역시 남동구 논현동 756-5,37.39575224,126.7284965,34712.0,논현고잔동
4874,늘솔길공원,근린공원,인천광역시 남동구 논현동 738-8,37.39444172,126.7208398,561641.0,논현고잔동
4875,바람공원,어린이공원,인천광역시 남동구 논현동 739-5,37.39405618,126.7228194,8511.0,논현고잔동
4876,모험공원,어린이공원,인천광역시 남동구 논현동 740-3,37.39601681,126.7238383,1531.0,논현고잔동
4877,돌섬공원,어린이공원,인천광역시 남동구 논현동 749-5,37.39805872,126.7281969,3231.0,논현고잔동
4878,물방울공원,어린이공원,인천광역시 남동구 논현동 755-5,37.39741006,126.7290785,1689.0,논현고잔동
4879,별빛공원,어린이공원,인천광역시 남동구 논현동 774-4,37.39389107,126.7288965,1591.0,논현고잔동
4880,섬꽃공원,어린이공원,인천광역시 남동구 논현동 642-3,37.39995792,126.7110919,1513.0,논현2동
4881,푸른공원,어린이공원,인천광역시 남동구 논현동 757-2,37.39286071,126.7267418,1923.0,논현고잔동
4882,꿈꾸는공원,어린이공원,인천광역시 남동구 논현동 765-4,37.38514449,126.7213891,1571.0,논현고잔동
4883,도림1지구공원,어린이공원,인천광역시 남동구 도림동 104,37.42466977,126.7320568,1500.0,남촌도림동
4884,경신지구공원,어린이공원,인천광역시 남동구 수산동 72-8,37.44358145,126.7249032,1500.0,남촌도림동
4885,하늘공원,어린이공원,인천광역시 남동구 간석동 939-5,37.45715432,126.7101596,1519.0,간석2동
4886,향촌소공원,소공원,인천광역시 남동구 만수동 1117-3,37.46118857,126.7321956,1237.0,만수2동
4887,비선거리공원,어린이공원,인천광역시 남동구 간석동 746-11,37.4609039,126.6977135,119.0,간석1동
4888,만부2호공원,어린이공원,인천광역시 남동구 만수동 1-106,37.46633407,126.7387333,308.0,만수2동
4889,만부1호공원,어린이공원,인천광역시 남동구 만수동 1-110,37.46612975,126.7385544,721.0,만수2동
4890,신촌공원,어린이공원,인천광역시 남동구 만수동 985,37.44741294,126.7323582,818.0,만수6동
4891,하촌은행나무공원,어린이공원,인천광역시 남동구 남촌동 558-1,37.4285039,126.7136059,258.0,남촌도림동
5041,신비공원,어린이공원,인천광역시 미추홀구 관교동 516-2,37.445281,126.687507,1514.7,관교동
5042,승학공원,어린이공원,인천광역시 미추홀구 관교동 495,37.44230331,126.693859,1701.3,관교동
5043,관교공원,어린이공원,인천광역시 미추홀구 관교동 471,37.445956,126.6908331,1698.7,관교동
5044,다솔공원,어린이공원,인천광역시 미추홀구 주안동 1619,37.46082955,126.6950954,2370.2,주안6동
5045,주안공원,어린이공원,인천광역시 미추홀구 주안동 281,37.462849,126.676809,7974.2,주안1동
5046,미추홀공원,근린공원,인천광역시 미추홀구 주안동 824,37.446271,126.6702513,38950.0,주안3동
5047,미추홀공원,근린공원,인천광역시 미추홀구 주안동 824,37.446271,126.6702513,38950.0,주안3동
5048,석바위공원,근린공원,인천광역시 미추홀구 주안동 1578,37.454245,126.693651,47005.0,주안4동
5049,수봉공원,근린공원,인천광역시 미추홀구 주안동 660-241,37.460187,126.664212,332694.0,주안2동
5132,샛별,어린이공원,서울특별시 송파구 가락본동 51,37.497957,127.121754,1500.0,가락본동
5133,새싹,어린이공원,서울특별시 송파구 송파동 107,37.50482351,127.112722,1806.4,송파1동
5134,새말,어린이공원,서울특별시 송파구 가락동 145-10,37.494731,127.125727,1498.1,가락2동
5135,새마을,어린이공원,서울특별시 송파구 잠실본동 209-4,37.508222,127.086579,1667.3,잠실본동
5136,삼학사,어린이공원,서울특별시 송파구 삼전동 110-7,37.506232,127.095323,1648.0,삼전동
5137,삼전,어린이공원,서울특별시 송파구 삼전동 51,37.50181092,127.090203,1644.7,삼전동
5138,삼밭나루,어린이공원,서울특별시 송파구 삼전동 95,37.505115,127.091718,1434.1,삼전동
5139,삼밭,어린이공원,서울특별시 송파구 삼전동 70,37.49951865,127.092841,1646.1,삼전동
5140,뽕밭,어린이공원,서울특별시 송파구 잠실본동 220,37.507773,127.081067,1125.6,잠실본동
5141,비석거리,어린이공원,서울특별시 송파구 가락본동 96-15,37.494525,127.117497,1624.5,가락본동
5142,비둘기,어린이공원,서울특별시 송파구 방이동 195,37.512742,127.123352,1500.2,방이1동
5143,부렴,어린이공원,서울특별시 송파구 잠실본동 296,37.505621,127.079254,1659.8,잠실본동
5144,봉우리,어린이공원,서울특별시 송파구 가락본동 85,37.496495,127.119238,1495.2,가락본동
5145,복숭아,어린이공원,서울특별시 송파구 오금동 27,37.506812,127.131379,1500.3,오금동
5146,벌말,어린이공원,서울특별시 송파구 오금동 132,37.501638,127.140281,1502.1,오금동
5147,버들,어린이공원,서울특별시 송파구 장지동 854-2,37.478761,127.133147,1886.0,장지동
5148,배밭,어린이공원,서울특별시 송파구 송파동 178,37.50160666,127.115347,1475.8,송파2동
5149,배미골,어린이공원,서울특별시 송파구 거여동 291-1,37.490834,127.1471347,1500.1,거여2동
5150,방죽,어린이공원,서울특별시 송파구 가락본동 28,37.500653,127.122796,1492.1,가락본동
5151,방잇골,어린이공원,서울특별시 송파구 방이동 70-1,37.51341106,127.110304,1629.6,방이2동
5152,반딧불,어린이공원,서울특별시 송파구 문정동 47,37.48788796,127.1241012,1489.2,문정1동
5153,문현,어린이공원,서울특별시 송파구 장지동 838-1,37.481238,127.128143,1523.0,장지동
5154,무궁화,어린이공원,서울특별시 송파구 가락동 134,37.49319401,127.127074,1500.0,가락2동
5155,몽촌,어린이공원,서울특별시 송파구 방이동 150,37.51293389,127.114841,1560.8,방이2동
5156,모슬,어린이공원,서울특별시 송파구 거여동 28-7,37.492376,127.145466,550.0,거여2동
5157,동호수,어린이공원,서울특별시 송파구 송파동 34,37.50991906,127.1070996,1469.7,송파1동
5249,양토공원,어린이공원,인천광역시 미추홀구 학익동 704-3,37.438253,126.6585122,1500.2,학익1동
5250,묵동공원,어린이공원,인천광역시 미추홀구 학익동 677-3,37.439235,126.6710834,1500.0,학익1동
5251,노적공원,어린이공원,인천광역시 미추홀구 학익동 712,37.43760706,126.6526999,2426.5,학익1동
5252,스승공원,어린이공원,인천광역시 미추홀구 학익동 709-2,37.437841,126.6561692,2048.1,학익1동
5253,선비공원,어린이공원,인천광역시 미추홀구 학익동 51,37.44151017,126.6756033,3150.0,학익2동
5254,햇님공원,어린이공원,인천광역시 미추홀구 용현동 619-2,37.451449,126.636003,601.1,용현5동
5255,새싹공원,어린이공원,인천광역시 미추홀구 용현동 623-141,37.454945,126.638868,718.3,용현5동
5256,보람공원,어린이공원,인천광역시 미추홀구 용현동 622-34,37.453903,126.637155,685.2,용현5동
5257,낙섬공원,어린이공원,인천광역시 미추홀구 용현동 621-38,37.452747,126.636291,655.7,용현5동
5258,산성공원,어린이공원,인천광역시 미추홀구 문학동 403-15,37.434773,126.686625,2461.2,문학동
5259,나리공원,어린이공원,인천광역시 미추홀구 학익동 52-7,37.44036588,126.6748498,1504.0,학익2동
5320,남산근린공원,근린공원,인천광역시 강화군 강화읍 신문리 505-3,37.74198178,126.4804194,103240.0,강화읍
5321,갑룡공원,어린이공원,인천광역시 강화군 강화읍 갑곳리 443-1,37.74240384,126.5038493,18605.0,강화읍
5322,강화산단체육공원,체육공원,인천광역시 강화군 강화읍 월곳리 753-1,37.76347347,126.4961179,10000.0,강화읍
5383,강화읍소공원,소공원,인천광역시 강화군 강화읍 관청리 486-2,37.7480141,126.4860645162,311.0,강화읍
5384,북산공원,역사공원,인천광역시 강화군 강화읍 관청리 782-1,37.7553283747,126.4820161585,9690.0,강화읍
5385,관청근린공원,근린공원,인천광역시 강화군 강화읍 관청리 51,37.74886852,126.4923256,83454.0,강화읍
5386,송록,어린이공원,서울특별시 금천구 시흥동 791-35,37.46134022,126.906169,947.1,시흥4동
5387,효봉,어린이공원,서울특별시 금천구 시흥동 4-28,37.46069907,126.910507,503.0,시흥4동
5388,신흥,어린이공원,서울특별시 금천구 시흥동 4-128,37.45990738,126.907849,312.0,시흥4동
5389,장미,어린이공원,서울특별시 금천구 시흥동 3-82,37.46163335,126.912238,1207.0,시흥4동
5390,산장,어린이공원,서울특별시 금천구 시흥동 3-17,37.46089265,126.9124998,678.0,시흥4동
5391,단군,어린이공원,서울특별시 금천구 시흥동 169-21,37.45569721,126.9086585,250.0,시흥4동
5392,진달래,어린이공원,서울특별시 금천구 시흥동 970-3,37.434878,126.904883,992.2,시흥3동
5393,까치,어린이공원,서울특별시 금천구 시흥동 959-2,37.439645,126.904994,925.3,시흥3동
5394,비둘기,어린이공원,서울특별시 금천구 시흥동 947-4,37.441597,126.906264,985.2,시흥3동
5395,꾸러기,어린이공원,서울특별시 금천구 시흥동 943-16,37.44316993,126.905877,359.4,시흥3동
5396,중앙,어린이공원,서울특별시 금천구 시흥동 1027-2,37.44641126,126.9016027,1515.0,시흥1동
5397,풍림,어린이공원,서울특별시 금천구 시흥동 1026-3,37.44783408,126.9017969,2195.0,시흥1동
5398,부장천,어린이공원,서울특별시 금천구 시흥동 893,37.45266794,126.9044062,944.0,시흥1동
5399,해태,어린이공원,서울특별시 금천구 시흥동 871-24,37.457773,126.901866,962.6,시흥1동
5400,새재미,어린이공원,서울특별시 금천구 시흥동 855,37.45884579,126.904239,1185.2,시흥1동
5401,남서울,어린이공원,서울특별시 금천구 시흥동 986-2,37.448336,126.902123,1155.7,시흥1동
5402,소망,어린이공원,서울특별시 금천구 독산동 196-8,37.46936829,126.9016706,998.0,독산4동
5403,쌈지,어린이공원,서울특별시 금천구 독산동 189-1,37.47090493,126.9039831,982.8,독산4동
5404,한사랑,어린이공원,서울특별시 금천구 독산동 925-2,37.467716,126.904573,585.9,독산4동
5405,반수,어린이공원,서울특별시 금천구 독산동 980-44,37.4740151,126.902233,990.6,독산3동
5406,구룡,어린이공원,서울특별시 금천구 독산동 964,37.477891,126.9027669,934.9,독산3동
5407,남문,어린이공원,서울특별시 금천구 독산동 160-6,37.472321,126.900396,883.6,독산3동
5408,동산,어린이공원,서울특별시 금천구 독산동 993-29,37.47292006,126.9059645,1017.2,독산3동
5409,목화,어린이공원,서울특별시 금천구 독산동 883-9,37.477455,126.907262,985.8,독산3동
5411,건강공원,근린공원,인천광역시 부평구 삼산동 518,37.51761295,126.7493656,16248.0,삼산1동
5412,교통공원,근린공원,인천광역시 부평구 삼산동 517,37.51949317,126.7498192,24077.0,삼산1동
5413,영성공원,근린공원,인천광역시 부평구 삼산동 388-2,37.52196831,126.7406061,10523.0,삼산1동
5414,후정공원,근린공원,인천광역시 부평구 삼산동 386,37.52349492,126.7429755,22209.0,삼산1동
5415,분수공원,근린공원,인천광역시 부평구 삼산동 458-4,37.50815932,126.7411937,28427.0,삼산2동
5416,박물관공원,근린공원,인천광역시 부평구 삼산동 451-1,37.51214198,126.737932,18075.0,삼산2동
5417,시냇물공원,근린공원,인천광역시 부평구 삼산동 443-1,37.51277232,126.7363686,20353.0,삼산2동
5424,독산,문화공원,서울특별시 금천구 독산동 1160-2,37.46391741,126.8926887,1011.1,독산1동
5425,박미사랑,소공원,서울특별시 금천구 시흥동 963-1,37.43762998,126.904519,2162.6,시흥3동
5426,도하,소공원,서울특별시 금천구 독산동 1149,37.458753,126.8953896,3057.7,독산1동
5427,금나래중앙,문화공원,서울특별시 금천구 독산동 1151,37.45807525,126.8949359,16331.3,독산1동
5428,별장길,어린이공원,서울특별시 금천구 시흥동 925-32,37.448147,126.908596,971.4,시흥5동
5429,은행,어린이공원,서울특별시 금천구 시흥동 836,37.45204371,126.9071079,865.0,시흥5동
5430,느티나무,어린이공원,서울특별시 금천구 시흥동 817,37.45613382,126.906735,939.2,시흥4동
5435,방촌공원,근린공원,인천광역시 부평구 부개동 500-7,37.49780768,126.7390151,11501.0,부개3동
5436,세영공원,근린공원,인천광역시 부평구 부개동 500-2,37.49986044,126.7367769,10105.0,부개3동
5437,청운공원,근린공원,인천광역시 부평구 부개동 499-6,37.50296964,126.7427654,15587.0,부개3동
5438,부개공원,근린공원,인천광역시 부평구 부개동 497-2,37.50604759,126.7411715,10986.0,부개3동
5439,대촌공원,근린공원,인천광역시 부평구 부개동 502-16,37.4972794,126.7397023,12502.0,부개2동
5440,갈산공원,근린공원,인천광역시 부평구 갈산동 130-1,37.51941746,126.7257611,45686.0,갈산1동
5441,사근공원,근린공원,인천광역시 부평구 갈산동 376,37.50862714,126.7243195,15915.0,갈산2동
5442,굴포공원,근린공원,인천광역시 부평구 갈산동 373-1,37.5091768,126.7243372,20529.0,갈산2동
5443,신트리공원,근린공원,인천광역시 부평구 부평동 880,37.50658091,126.7236393,58595.0,부평4동
5444,밤골공원,근린공원,인천광역시 부평구 부개동 446,37.48374019,126.7337229,10111.0,부개1동
5445,마장공원,근린공원,인천광역시 부평구 산곡동 261-1,37.50071118,126.7078504,15020.0,산곡2동
5446,백운공원,근린공원,인천광역시 부평구 십정동 186-419,37.48219263,126.7030046,60743.0,십정1동
5447,희망공원,근린공원,인천광역시 부평구 부평동 산35-6,37.48526546,126.7125196,64566.0,부평3동
5520,백련산숲속소공원,소공원,서울특별시 은평구 응암동 761-7,37.58744179,126.9257878,880.8,응암2동
5521,요  산소공원,소공원,서울특별시 은평구 불광동 13-33외 3,37.591827,126.918252,805.0,응암2동
5522,거북이소공원,소공원,서울특별시 은평구 구산동 309-38,37.61813526,126.9053281,250.0,구산동
5523,역촌동동소공원,소공원,"서울특별시 은평구 역촌동 85-34,36",37.59953752,126.915543,318.0,역촌동
5524,마실길,근린공원,서울특별시 은평구 진관동 125-22,37.64118472,126.9428673,45170.5,진관동
5525,신도,근린공원,서울특별시 은평구 진관동 206-21,37.594288,126.919595,12020.0,응암2동
5526,우물골,근린공원,"서울특별시 은평구 진관동 85-1,2,3",37.63513448,126.9253782,7203.1,진관동
5527,마고정,근린공원,서울특별시 은평구 진관동 101-2,37.63252943,126.9191135,4551.6,진관동
5528,덕수천,근린공원,서울특별시 은평구 진관동 14-3,37.6447552,126.9239666,5569.1,진관동
5529,못자리골,근린공원,"서울특별시 은평구 진관동13-2, 12-1",37.64653435,126.9269594,16176.1,진관동
5530,상림,근린공원,서울특별시 은평구 진관동 5-3,37.6486642,126.9295653,4749.8,진관동
5531,구  산,근린공원,서울특별시 은평구 구산동 산48-7,37.60733325,126.9077646,12445.7,구산동
5532,거 북 골,근린공원,서울특별시 은평구 구산동 산37-4,37.61013255,126.9070389,43812.6,구산동
5533,녹번동,근린공원,서울특별시 은평구 녹번동 산27,37.60325117,126.9322993,25854.7,녹번동
5534,녹번동서,근린공원,서울특별시 은평구 녹번동 85-1,37.60372262,126.9272021,29945.0,녹번동
5535,기 자 촌,근린공원,서울특별시 은평구 진관동 106-17,37.63392387,126.9143248,128953.7,진관동
5536,물 푸 레,근린공원,서울특별시 은평구 진관동 산100-44,37.63783996,126.9165117,147441.6,진관동
5725,연희푸르지오어린이공원,어린이공원,서울특별시 서대문구 연희동 717-50,37.582713,126.919494,2053.0,북가좌2동
5726,연희1구역(연희파크푸르지오),어린이공원,서울특별시 서대문구 연희동 717-17,37.576664,126.930031,2053.0,연희동
5728,대학공원,근린공원,인천광역시 연수구 연수동 580,37.42110245,126.6877626,103616.6,연수3동
5729,양지공원,근린공원,인천광역시 연수구 연수동 594-1,37.41535286,126.678406,10253.6,연수2동
5730,솔안공원,근린공원,인천광역시 연수구 연수동 634-2,37.41231221,126.6828469,13580.7,연수2동
5731,솔밭공원,근린공원,인천광역시 연수구 연수동 582-1,37.41678364,126.6891767,28549.3,연수2동
5732,청학공원,근린공원,인천광역시 연수구 청학동 501,37.416022,126.6746663,10681.2,청학동
5733,용담공원,근린공원,인천광역시 연수구 청학동 467,37.41862117,126.674218,30112.3,청학동
5734,연일공원,어린이공원,인천광역시 연수구 연수동 533-1,37.41944263,126.6916193,5037.7,연수3동
5735,문남공원,어린이공원,인천광역시 연수구 연수동 541-2,37.42118616,126.6786198,21810.9,연수1동
5736,마리공원,어린이공원,인천광역시 연수구 연수동 514,37.42604066,126.6829999,5354.8,연수1동
5737,학공원,어린이공원,인천광역시 연수구 선학동 346,37.42008553,126.6968194,2322.1,선학동
5738,은행나무공원,어린이공원,인천광역시 연수구 선학동 345,37.420872,126.6975196,4452.7,선학동
5739,승기공원,어린이공원,인천광역시 연수구 선학동 348,37.4197522,126.6984594,7545.8,선학동
5740,두리공원,어린이공원,인천광역시 연수구 선학동 365-2,37.42402254,126.6954643,1591.1,선학동
5741,능허대공원,어린이공원,인천광역시 연수구 옥련동 194-54,37.4229841,126.6425202,12363.0,옥련1동
5742,선학공원,어린이공원,인천광역시 연수구 선학동 359,37.42348871,126.6995192,9132.0,선학동
5743,한진공원,어린이공원,인천광역시 연수구 옥련동 417-5,37.421883,126.651779,993.2,옥련1동
5744,청담공원,어린이공원,인천광역시 연수구 청학동 471,37.41829565,126.6728506,3027.6,청학동
5745,중앙공원,어린이공원,인천광역시 연수구 청학동 546-13,37.428725,126.6681989,1500.1,청학동
5746,이야기공원,어린이공원,인천광역시 연수구 청학동 551-5,37.4265496,126.668873,1500.2,청학동
5747,안골공원,어린이공원,인천광역시 연수구 청학동 530-9,37.42964777,126.6642505,1446.7,청학동
5748,시대공원,어린이공원,인천광역시 연수구 청학동 451-1,37.42278865,126.670945,5928.6,청학동
5749,성호공원,어린이공원,인천광역시 연수구 청학동 449-1,37.42339344,126.6679509,2990.3,청학동
5750,백제우물공원,어린이공원,인천광역시 연수구 청학동 554-1,37.42642193,126.670127,1500.0,청학동
5751,샘말공원,어린이공원,인천광역시 연수구 연수동 622,37.41449139,126.6807996,2625.1,연수2동
5752,늘봄공원,어린이공원,인천광역시 연수구 연수동 603,37.41319988,126.6785372,2456.4,연수2동
5753,일단지공원,어린이공원,인천광역시 연수구 연수동 544-9,37.42014247,126.6783403,1659.5,연수1동
5757,무지개공원,어린이공원,인천광역시 남동구 구월동 1509,37.44473057,126.7153655,1892.0,구월1동
5758,성리공원,어린이공원,인천광역시 남동구 구월동 1495,37.44381983,126.7095181,1505.0,구월1동
5759,찬우물공원,근린공원,인천광역시 남동구 구월동 1522,37.4425783,126.7175748,18682.0,구월1동
5760,아시아드선수촌공원,근린공원,인천광역시 남동구 구월1동 1531,37.439662,126.710389,71387.0,구월1동
5761,전재울공원,근린공원,인천광역시 남동구 구월1동 1501,37.44707758,126.7156897,122963.0,구월1동
5762,벌터고개공원,어린이공원,인천광역시 남동구 간석동 606-19,37.46580798,126.6972037,1826.0,간석4동
5763,주원공원,어린이공원,인천광역시 남동구 간석동 574-39,37.46732404,126.701744,1924.0,간석4동
5764,갯골3호수변공원,수변공원,인천광역시 남동구 서창동 693,37.42496444,126.7440878,29051.0,서창2동
5765,갯골2호수변공원,수변공원,인천광역시 남동구 서창동 696,37.42528943,126.7421829,7233.0,서창2동
5766,물바람수변공원,수변공원,인천광역시 남동구 서창동 684,37.42728782,126.7494507,8693.0,서창2동
5767,갯골1호수변공원,수변공원,인천광역시 남동구 서창동 701,37.42255411,126.745896,9031.0,서창2동
5768,물빛공원,근린공원,인천광역시 남동구 서창동 713,37.42150292,126.7472921,45700.0,서창2동
5769,어울공원,근린공원,인천광역시 남동구 서창동 681,37.42759079,126.7461074,42487.0,서창2동
5770,메아리공원,어린이공원,인천광역시 남동구 서창동 746,37.4293702,126.759199,1912.0,서창2동
5771,하얀공원,어린이공원,인천광역시 남동구 서창동 716,37.41907805,126.7509852,1774.0,서창2동
5772,오름공원,어린이공원,인천광역시 남동구 서창동 659,37.42547207,126.7523905,2550.0,서창2동
5773,누리공원,어린이공원,인천광역시 남동구 서창동 698,37.42249036,126.7414277,1602.0,서창2동
5774,숲속공원,어린이공원,인천광역시 남동구 서창동 648,37.42981317,126.7507746,2625.0,서창2동
5775,흰여울공원,어린이공원,인천광역시 남동구 서창동 637,37.42986416,126.744066,1587.0,서창2동
5776,운연공원,어린이공원,인천광역시 남동구 운연동 144-1,37.43881917,126.7599709,2100.0,장수서창동
5777,풀무골소공원,소공원,인천광역시 남동구 간석동 320-7,37.4643861,126.7049848,3186.0,간석1동
5778,나루소공원,소공원,인천광역시 남동구 논현동 751-6,37.39910374,126.7341058,6446.0,논현고잔동
5779,고잔,어린이공원,인천광역시 남동구 고잔동 21-1,37.3952553,126.7243023,1550.0,논현고잔동
5780,한울소공원,소공원,인천광역시 남동구 간석동 941-2,37.46337665,126.7191906,788.0,간석3동
5781,양지말소공원,소공원,인천광역시 남동구 간석동 941-1,37.46464672,126.7193036,788.0,간석3동
5797,네모소공원,소공원,인천광역시 남동구 간석동 60-2,37.4699114,126.712227,246.0,간석3동
5798,새말소공원,소공원,인천광역시 남동구 간석동 1-873,37.4660635954,126.7205739743,4191.0,간석3동
5799,석촌공원,근린공원,인천광역시 남동구 간석동 산 15-1,37.47177154,126.7103718,52723.0,간석3동
5800,만의골공원,소공원,인천광역시 남동구 장수동 45일원,37.459241,126.773141,437.0,장수서창동
5801,연락골소공원,소공원,인천광역시 남동구 운연동 48-4,37.44353394,126.7676514,2064.0,장수서창동
5802,주적체육공원,체육공원,인천광역시 남동구 도림동 412,37.41473596,126.724402,37307.0,남촌도림동
5803,구월소공원,소공원,인천광역시 남동구 구월동 1486-2,37.44708759,126.7121549,1525.0,구월1동
5869,꿈마루,어린이공원,서울특별시 중랑구 면목동 1543-2,37.5803162276,127.093536,1578.6,면목7동
5870,이  화,어린이공원,서울특별시 중랑구 면목동 30-38,37.58701827,127.1003895,215.0,면목제3.8동
5871,한  신,어린이공원,서울특별시 중랑구 면목동 178-19,37.58816879,127.0769075,995.4,면목2동
5872,섬  들,어린이공원,서울특별시 중랑구 면목동 86-3,37.59148188,127.0925459,1005.0,면목본동
5873,소  파,어린이공원,서울특별시 중랑구 면목동 42-1,37.58921984,127.0956963,1015.5,면목제3.8동
5874,면목어울소공원,소공원,서울특별시 중랑구 면목동 1549-1,37.586168,127.096224,446.7,면목제3.8동
5875,소담소공원,소공원,서울특별시 중랑구 면목동 1548-1,37.572832,127.085867,500.2,면목4동
5876,꽃가람소공원,소공원,서울특별시 중랑구 면목동 1544-2,37.581647,127.078936,1261.8,면목5동
5877,빛길소공원,소공원,서울특별시 중랑구 면목동 1537-1,37.57193391,127.086431,1221.8,면목4동
5878,마중소공원,소공원,서울특별시 중랑구 묵동 396-2,37.614773,127.0824508506,854.6,묵1동
5908,구월공원,어린이공원,인천광역시 남동구 구월동 1246-1,37.45891399,126.7183317,3194.0,구월2동
5909,논현공원,어린이공원,인천광역시 남동구 논현동 590-46,37.408628,126.721616,1711.0,논현2동
5910,고잔공원,근린공원,인천광역시 남동구 고잔동 990,37.38663185,126.7047433,167766.0,논현고잔동
5937,월례공원,근린공원,인천광역시 남동구 고잔동 626-7,37.40676501,126.6894304,108700.0,논현고잔동
5938,만수공원,근린공원,인천광역시 남동구 만수동 15,37.457907865,126.7363877533,12528.0,만수4동
5939,둥지공원,어린이공원,인천광역시 남동구 만수동 28,37.45826887,126.7347245,2400.0,만수4동
5940,아단공원,어린이공원,인천광역시 남동구 만수동 37,37.45606528,126.7328485,4764.0,만수4동
5941,이화공원,어린이공원,인천광역시 남동구 간석동 439,37.46291227,126.7033636,6978.0,간석1동
5942,양지공원,어린이공원,인천광역시 남동구 간석동 242,37.4665085,126.7062617,1280.0,간석4동
5943,인수공원,어린이공원,인천광역시 남동구 만수동 96,37.45334737,126.7378312,1816.0,만수4동
5944,석정공원,어린이공원,인천광역시 남동구 간석동 610,37.46799875,126.6971154,1941.0,간석4동
5945,애향공원,어린이공원,인천광역시 남동구 간석3동 91-2,37.4664334,126.713414,697.0,간석3동
5946,동일공원,어린이공원,인천광역시 남동구 간석동 508-30,37.4555575,126.6984799,479.0,간석1동
5947,하촌공원,어린이공원,인천광역시 남동구 만수동 969,37.45136932,126.7329376,1499.0,만수1동
5948,작은구월공원,어린이공원,인천광역시 남동구 구월동 1281-8,37.4495274,126.7211378,1499.0,구월4동
5949,쇄판공원,어린이공원,인천광역시 남동구 만수동 845-1,37.46228626,126.7231495,1499.0,만수3동
5950,만수공원,어린이공원,인천광역시 남동구 만수동 994-9,37.45354611,126.7276999,1658.0,만수5동
5951,작은성말공원,어린이공원,인천광역시 남동구 구월동 1192-7,37.44810912,126.7081595,1568.0,구월1동
5952,큰성말공원,어린이공원,인천광역시 남동구 구월동 1163,37.4458454,126.704475,1490.0,구월3동
5953,만월공원,어린이공원,인천광역시 남동구 구월동 1229-2,37.4498343,126.7164526,1510.0,구월1동
5954,큰구월공원,어린이공원,인천광역시 남동구 구월동 1196-4,37.45026276,126.7089204,1226.0,구월1동
5955,만수천공원,어린이공원,인천광역시 남동구 만수동 929,37.45063675,126.7267874,1335.0,만수1동
5956,모래내공원,어린이공원,인천광역시 남동구 구월동 1258-4,37.45457287,126.7235396,1500.0,구월4동
5957,뗏마루공원,어린이공원,인천광역시 남동구 만수5동 881,37.4561805,126.7288131,1496.0,만수5동
5958,붉은고개공원,어린이공원,인천광역시 남동구 구월동 1093,37.4529117,126.6991081,1494.0,구월3동
5959,장다리공원,어린이공원,인천광역시 남동구 구월동 1102-14,37.45737534,126.7188991,1500.0,구월2동
5960,산밑말근린공원,근린공원,인천광역시 남동구 만수동 산1-31,37.4661047,126.7113059,29545.0,간석3동
5961,걸재공원,어린이공원,인천광역시 남동구 서창동 573-1,37.43330912,126.7518561,1560.0,장수서창동
5962,선래공원,어린이공원,인천광역시 남동구 서창동 573-1,37.43334194,126.7518873,2305.0,장수서창동
5963,구룡공원,어린이공원,인천광역시 남동구 서창동 598,37.43839923,126.746477,1580.0,장수서창동
5964,큰우물공원,어린이공원,인천광역시 남동구 장수동 768,37.45222033,126.7520379,3485.0,장수서창동
5965,장자공원,어린이공원,인천광역시 남동구 장수동 766-1,37.45354749,126.7495907,3055.0,장수서창동
5966,남동공원,어린이공원,인천광역시 남동구 만수동 1022-4,37.44459647,126.7379915,1500.0,만수6동
5967,대덕공원,어린이공원,인천광역시 남동구 만수동 1096,37.4461762,126.740157,1654.0,만수6동
5968,장승백이공원,어린이공원,인천광역시 남동구 만수동 1086-2,37.4457195,126.7371325,1500.0,만수6동
5969,창대공원,어린이공원,인천광역시 남동구 만수동 1109-2,37.44774761,126.7365758,1754.0,만수6동
5970,시영공원,어린이공원,인천광역시 남동구 만수동 1078-13,37.44599078,126.7339681,1500.0,만수6동
5971,골마루공원,근린공원,인천광역시 남동구 만수동 1049-1,37.43927377,126.7362519,10379.0,만수6동
5972,담방공원,어린이공원,인천광역시 남동구 만수동 1033,37.44519587,126.7411194,1840.0,만수6동
5973,새골공원,어린이공원,인천광역시 남동구 만수동 1005-1,37.45042788,126.7398942,4000.0,만수1동
5974,구월문화공원,어린이공원,인천광역시 남동구 구월동 1350,37.44875336,126.6980307,3718.0,구월3동
5975,구월예술공원,어린이공원,인천광역시 남동구 구월동 1377-5,37.44596018,126.6966056,1662.0,구월3동
5976,반월공원,어린이공원,인천광역시 남동구 구월동 1390,37.44694465,126.6951423,1709.0,구월3동
5977,지상공원,어린이공원,인천광역시 남동구 구월동 1341-9,37.44913496,126.6935579,1520.0,구월3동
5978,남촌공원,어린이공원,인천광역시 남동구 남촌동 376,37.43295029,126.7160442,6256.0,남촌도림동
5979,복지공원,근린공원,인천광역시 남동구 고잔동 722,37.39374483,126.6966427,10217.0,논현고잔동
5980,유수지공원,근린공원,인천광역시 남동구 고잔동 697-19,37.39541081,126.6844504,10000.0,논현고잔동
5981,염골공원,근린공원,인천광역시 남동구 남촌동 624-2,37.41625991,126.7050165,10241.0,남촌도림동
5982,승기공원,근린공원,인천광역시 남동구 남촌동 605,37.4232077,126.704707,22623.0,남촌도림동
5983,남동공단공원,근린공원,인천광역시 남동구 논현동 445,37.40827038,126.6997001,78328.0,논현2동
6029,신정7동소공원,소공원,서울특별시 양천구 신정7동 171-61,37.5092629,126.8688037,2553.0,신정7동
6030,세양,어린이공원,서울특별시 양천구 신정7동 1306-2,37.506814,126.864025,1560.7,신정7동
6031,호돌이,어린이공원,서울특별시 양천구 신정7동 326-2,37.512426,126.861336,3399.7,신정7동
6032,목련,어린이공원,서울특별시 양천구 신정7동 325-2,37.511439,126.858322,2498.5,신정7동
6033,갈산,근린공원,서울특별시 양천구 신정7동 162-56,37.508129,126.869032,139576.0,신정7동
6034,사슴,어린이공원,서울특별시 양천구 신정6동 332-1,37.515672,126.873427,2511.3,신정6동
6035,기린,어린이공원,서울특별시 양천구 신정6동 330-1,37.516283,126.869774,2029.7,신정6동
6036,꿈나래,어린이공원,서울특별시 양천구 신정6동 329-2,37.516283,126.869774,2433.9,신정6동
6037,까치,어린이공원,서울특별시 양천구 신정6동 328-1,37.514958,126.868243,2149.8,신정6동
6038,다람쥐,어린이공원,서울특별시 양천구 신정6동 327-1,37.513482,126.866021,2265.5,신정6동
6039,꿈동산,어린이공원,서울특별시 양천구 신정6동 314-1,37.521912,126.867457,3730.1,신정6동
6040,양천,근린공원,서울특별시 양천구 신정6동 320,37.518124,126.867861,33797.9,신정6동
6041,아랫말,어린이공원,서울특별시 양천구 신정4동 990-1,37.525063,126.861828,947.7,신정4동
6042,은행정,어린이공원,서울특별시 양천구 신정4동 975-30,37.522027,126.855022,1062.2,신정4동
6043,새뚝,어린이공원,서울특별시 양천구 신정4동 955-1,37.524029,126.857728,961.3,신정4동
6044,안산,어린이공원,서울특별시 양천구 신정4동 949-4,37.524593,126.856172,992.1,신정4동
6045,음골,어린이공원,서울특별시 양천구 신정4동 936-13,37.527336,126.851231,995.4,신정4동
6046,진주,어린이공원,서울특별시 양천구 신정4동 920-3,37.526494,126.855036,940.5,신정4동
6047,앞산,어린이공원,서울특별시 양천구 신정4동 910-9,37.526441,126.858307,1050.5,신정4동
6048,홍익,어린이공원,서울특별시 양천구 신정4동 896-22,37.528547,126.862274,990.8,신정4동
6049,오구,어린이공원,서울특별시 양천구 신정4동 888-1,37.527272,126.861874,738.4,신정4동
6050,동개울,어린이공원,서울특별시 양천구 신정4동 876-1,37.527916,126.856519,991.2,신정4동
6051,신정3동소공원,소공원,서울특별시 양천구 신정3동 831,37.50612432,126.8339302,3353.0,신정3동
6052,넓은들,어린이공원,서울특별시 양천구 신정3동 767,37.511317,126.839385,3288.0,신정3동
6053,숲속,어린이공원,서울특별시 양천구 신정3동 1322-10,37.514551,126.830941,1500.0,신정3동
6059,산곡소공원,소공원,인천광역시 부평구 산곡동 180-92,37.50506551,126.699238,761.0,산곡1동
6060,장수어린이공원,어린이공원,인천광역시 부평구 청천동 55-68,37.5196746934,126.699935,2003.0,청천1동
6061,푸른내어린이공원,어린이공원,인천광역시 부평구 청천동 76-99,37.5150898485,126.696939,4009.0,청천1동
6062,맑은샘어린이공원,어린이공원,인천광역시 부평구 청천동 36-3 일원,37.520021,126.702133,2072.0,청천1동
6063,어울림어린이공원,어린이공원,인천광역시 부평구 청천동 56-12 일원,37.520772,126.69949,7291.0,청천1동
6064,다온어린이공원,어린이공원,인천광역시 부평구 청천동 28-4 일원,37.517313,126.704005,5268.0,청천1동
6065,나무소공원,소공원,인천광역시 부평구 산곡동 538,37.5134548,126.6984776,439.0,산곡1동
6066,슬아어린이공원,어린이공원,인천광역시 부평구 십정동 186-238,37.48387271,126.7043897,1472.0,부평3동
6067,삼산어린이공원,어린이공원,인천광역시 부평구 삼산동 209-4,37.5198515,126.7352473,2060.0,삼산1동
6068,숲속어린이공원,어린이공원,인천광역시 부평구 산곡동 176-54,37.5061655,126.695292,2506.0,산곡1동
6069,아름어린이공원,어린이공원,인천광역시 부평구 부개동 132-6,37.4940704,126.7356518,3635.0,부개2동
6070,한가람공원,어린이공원,인천광역시 부평구 부개동 148-50,37.4909379,126.7346955,7519.0,부평5동
6071,나비어린이공원,어린이공원,인천광역시 부평구 청천동 산4-6,37.52051537,126.6968372,2000.0,청천1동
6072,산곡어린이공원,어린이공원,인천광역시 부평구 산곡동 산133-10 일원,37.508725,126.697578,3080.0,산곡1동
6073,산들바람소공원,소공원,인천광역시 부평구 부평동 산11-11번지,37.4840075,126.727528,2500.0,부평6동
6074,늘푸른소공원,소공원,인천광역시 부평구 부개동 120-343,37.49317568,126.738967,1185.0,부개2동
6075,성벽어린이공원,어린이공원,인천광역시 부평구 산곡동 539,37.51262084,126.6981569,1917.0,산곡1동
6076,우물터어린이공원,어린이공원,인천광역시 부평구 십정동 219-175,37.478347,126.695047,1405.0,십정1동
6077,한마음어린이공원,어린이공원,인천광역시 부평구 십정동 436-1,37.47815205,126.701593,8114.0,십정1동
6106,오봉공원,어린이공원,인천광역시 남동구 도림동 631,37.41844881,126.7315058,1429.0,남촌도림동
6107,갯마을공원,어린이공원,인천광역시 남동구 논현동 664-4,37.40368631,126.7353962,2275.0,논현1동
6108,소래공원,어린이공원,인천광역시 남동구 논현동 655-1,37.40217569,126.7318143,1016.0,논현1동
6109,너른들공원,어린이공원,인천광역시 남동구 논현동 682-2,37.40700366,126.7383575,3294.0,논현1동
6110,방죽공원,어린이공원,인천광역시 남동구 논현동 599-6,37.40804471,126.7384684,1607.0,논현1동
6111,동녘공원,어린이공원,인천광역시 남동구 논현동 600-7,37.40820531,126.7355586,1740.0,논현1동
6112,아랫말공원,어린이공원,인천광역시 남동구 논현동 601-2,37.4056914,126.7301715,2400.0,논현1동
6113,산마루공원,어린이공원,인천광역시 남동구 논현동 595-17,37.4089917,126.7305782,1571.0,논현1동
6114,은봉공원,어린이공원,인천광역시 남동구 논현동 592-12,37.40794549,126.7242635,1518.0,논현1동
6115,논현공원(논현2택지),어린이공원,인천광역시 남동구 논현동 634-4,37.40237398,126.7201366,1711.0,논현2동
6116,푸른솔공원,어린이공원,인천광역시 남동구 논현동 642-3,37.39994921,126.7110573,1479.0,논현2동
6117,담방문화공원,근린공원,인천광역시 남동구 만수동 984-9,37.44699717,126.7329807,7126.0,만수6동
6118,서창공원,근린공원,인천광역시 남동구 서창동 558-1,37.43664867,126.7468117,17518.0,장수서창동
6119,오봉공원,근린공원,인천광역시 남동구 도림동 631,37.41844881,126.7315058,10256.0,남촌도림동
6120,장수사거리공원,어린이공원,인천광역시 남동구 장수동 807-3,37.45015255,126.7492421,2538.0,장수서창동
6121,장수천공원,어린이공원,인천광역시 남동구 장수동 806-2,37.45282875,126.7492404,4476.0,장수서창동
6122,주적공원,어린이공원,인천광역시 남동구 도림동 637-2,37.41630518,126.729513,1501.0,남촌도림동
6123,도림1공원,어린이공원,인천광역시 남동구 도림동629-4,37.4207565,126.7317858,1744.0,남촌도림동
6124,사리울공원,근린공원,인천광역시 남동구 논현동 563-1,37.41337816,126.7113878,11029.0,논현2동
6125,갯골공원,근린공원,인천광역시 남동구 논현동 553-1,37.41566328,126.7121488,10192.0,논현2동
6126,새진매공원,어린이공원,인천광역시 남동구 논현동 555,37.415805,126.7129017,1504.0,논현2동
6127,아담공원,어린이공원,인천광역시 남동구 논현동 563-4,37.41187635,126.7111312,2491.0,논현2동
6128,신흥공원,어린이공원,인천광역시 남동구 논현동 564-4,37.4085597,126.7137934,1500.0,논현2동
6129,앞골공원,어린이공원,인천광역시 남동구 논현동 564-2,37.40983956,126.7134086,2245.0,논현2동
6130,장아공원,어린이공원,인천광역시 남동구 서창동 580-2,37.43147977,126.7517353,2010.0,서창2동
6131,돌골공원,어린이공원,인천광역시 남동구 만수동 822-31,37.4619408,126.7364266,2086.0,만수2동
6132,동부초교3호,어린이공원,인천광역시 남동구 만수동 111-113,37.4604591,126.7265942,205.0,만수3동
6133,간석육교공원,어린이공원,인천광역시 남동구 간석동 587,37.46541871,126.6983168,1110.0,간석4동
6134,양계공원,어린이공원,인천광역시 남동구 구월동 1248-39,37.4596078,126.7194402,177.0,구월2동
6135,박촌공원,어린이공원,인천광역시 남동구 만수동 810-3,37.4453646,126.7460233,3468.0,만수6동
6136,화교공원,어린이공원,인천광역시 남동구 만수동 842-22,37.46330391,126.7264011,270.0,만수3동
6137,독점공원,어린이공원,인천광역시 남동구 구월동 1215-32,37.45220822,126.713608,2303.0,구월1동
6138,용광공원,어린이공원,인천광역시 남동구 간석동 33-4,37.4609452,126.7149809,597.0,간석2동
6139,모래마을3호,어린이공원,인천광역시 남동구 구월동 349-652,37.45310786,126.7235776,405.0,구월4동
6140,모래마을2호,어린이공원,인천광역시 남동구 구월동 349-231,37.45280947,126.7236545,766.0,구월4동
6141,모래마을1호,어린이공원,인천광역시 남동구 구월동 1304-25,37.45312823,126.723794,161.0,구월4동
6142,동부초교2호,어린이공원,인천광역시 남동구 만수동 111-452,37.46283521,126.7270081,177.0,만수3동
6143,동부초교1호,어린이공원,인천광역시 남동구 만수동 111-185,37.462136,126.7266065,266.0,만수3동
6144,순박길공원,어린이공원,인천광역시 남동구 간석동 37-679,37.4664305,126.7159631,515.0,간석3동
6145,풍년길공원,어린이공원,인천광역시 남동구 간석동 37-264,37.4652336,126.7181187,434.0,간석3동
6146,아지랭이공원,어린이공원,인천광역시 남동구 간석동 37-79,37.46582129,126.7186993,4754.0,간석3동
6147,남동문화공원,근린공원,인천광역시 남동구 구월동 620-13,37.44704741,126.7248703,34679.0,구월4동
6148,도림산공원,어린이공원,인천광역시 남동구 도림동 674-1,37.41775015,126.7270127,1500.0,남촌도림동
6149,오재공원,어린이공원,인천광역시 남동구 도림동 656-3,37.42069797,126.7299503,1533.0,남촌도림동
6150,도림이공원,어린이공원,인천광역시 남동구 도림동 648-2,37.42203521,126.7283859,2368.0,남촌도림동
6151,호구포공원,근린공원,인천광역시 남동구 남동구 논현2동 641-1,37.40060271,126.7154726,32149.0,논현2동
6152,논현중앙공원,근린공원,인천광역시 남동구 논현동 594-24,37.40706413,126.7249322,60073.0,논현1동
6153,논현포대공원,근린공원,인천광역시 남동구 논현동 578-1,37.40804264,126.708025,207370.0,논현2동
6154,호암공원,어린이공원,인천광역시 남동구 논현동 583-1,37.40492137,126.7134521,1414.0,논현2동
6155,가온공원,어린이공원,인천광역시 남동구 논현동 586-12,37.40507611,126.718241,1240.0,논현2동
6319,이안어린이공원,어린이공원,경기도 남양주시 화도읍 창현리 645-19,37.64221861,127.3039419,1675.0,화도읍
6449,동화어린이공원,어린이공원,서울특별시 중구 신당동 852-4,37.56049514,127.0181196,3070.9,동화동
6450,꿈누리어린이공원,어린이공원,서울특별시 중구 신당동 851-9,37.5606932,127.0203973,2568.7,동화동
6451,저동어린이공원,어린이공원,서울특별시 중구 저동1가 1-14,37.56474547,126.9878944,1050.0,명동
6452,늘푸른어린이공원,어린이공원,서울특별시 중구 다산동 432-917,37.55110795,127.0056933,423.0,다산동
6453,다산어린이공원,어린이공원,서울특별시 중구 신당5동 123-1,37.56375032,127.0186793,3678.6,신당5동
6454,충현어린이공원,어린이공원,서울특별시 중구 다산동 432-540,37.55110795,127.0056933,1571.0,다산동
6455,청구어린이공원,어린이공원,서울특별시 중구 청구동 842-1,37.55566197,127.0138185,1655.7,청구동
6456,배재어린이공원,어린이공원,서울특별시 중구 정동 34-31,37.56440726,126.9726897,2877.0,소공동
6457,황학어린이공원,어린이공원,서울특별시 중구 황학동 755,37.56748267,127.0180129,1087.0,황학동
6458,쌍림어린이공원,어린이공원,서울특별시 중구 광희1가 242,37.56415396,127.0049461,1500.0,광희동
6459,묵정어린이공원,어린이공원,서울특별시 중구 충무로5가 21,37.56368166,126.9998022,3907.4,광희동
6460,다동공원,근린공원,서울특별시 중구 다동51-1,37.56779209,126.9805245,1929.0,명동
6461,무학봉공원,근린공원,서울특별시 중구 신당5동 산12-63,37.56251273,127.0250052,38054.0,신당5동
6462,응봉공원,근린공원,서울특별시 중구 신당동 산 2-6,37.56251273,127.0250052,110176.5,신당5동
6463,훈련원공원,근린공원,서울특별시 중구 을지로5가 40-3,37.56922545,127.0053319,17927.9,을지로동
6477,명동문화공원,문화공원,서울특별시 중구 저동1가 91-2,37.56472834,126.9869241,2117.0,명동
6478,순화문화공원,문화공원,서울특별시 중구 순화동 216-2,37.56013992,126.9715294,2102.5,소공동
6479,정동역사공원,역사공원,서울특별시 중구 정동 15-1,37.56773915,126.9713585,8160.0,소공동
6480,청계천한빛공원,역사공원,서울특별시 중구 삼각동 118,37.56800871,126.9851012,2105.7,명동
6481,서소문역사공원,역사공원,서울특별시 중구 의주로2가 16-2,37.56056785,126.9688672,21363.0,중림동
6482,손기정체육공원,체육공원,서울특별시 중구 만리동2가 6-1,37.55592073,126.9645377,29682.2,중림동
6483,인현소공원,소공원,서울특별시 중구 예관동 53-4,37.5645401,126.997423,1317.7,광희동
6484,신당제11구역2(가칭),소공원,서울특별시 중구 신당동 856-2,37.56312028,127.0255232,79.7,신당5동
6485,신당제11구역1(가칭),소공원,서울특별시 중구 신당동 856-6,37.56221478,127.0255059,284.7,왕십리2동
6486,서소문구역 제5지구(가칭),소공원,서울특별시 중구 서소문동 116,37.56288231,126.9754281,397.5,소공동
6487,만리2구역3(가칭)_만리1,소공원,서울특별시 중구 만리동2가 12-53,37.55446168,126.9658367,427.0,중림동
6488,만리소공원(만리2구역2),소공원,서울특별시 중구 만리동2가 281(211),37.55446168,126.9658367,3394.5,중림동
6489,만리소공원(만리2구역1),소공원,서울특별시 중구 만리동2가 285(231-2),37.55446168,126.9658367,1204.2,중림동
6490,마루소공원,소공원,서울특별시 중구 다산동 432-1918,37.55116553,127.0043988,337.0,다산동
6491,진달래소공원,소공원,서울특별시 중구 정동 1-73,37.56801264,126.9747535,713.0,소공동
6492,경찰기념공원,소공원,서울특별시 중구 의주로1가 44-2,37.56056785,126.9688672,1039.0,중림동
6493,무교2소공원,소공원,서울특별시 중구 태평로1가 2-2,37.56883648,126.9776038,1245.4,명동
6494,쌍림동소공원,소공원,서울특별시 중구 쌍림동 292-2,37.56350445,127.0030963,169.4,광희동
6495,저동3소공원,소공원,서울특별시 중구 저동2가 89-1,37.56563762,126.9890554,389.2,명동
6496,저동2소공원,소공원,서울특별시 중구 을지로2가 203-4,37.56526144,126.9888661,200.0,명동
6497,저동1소공원,소공원,서울특별시 중구 을지로2가 203-1,37.56595598,126.9896256,210.0,명동
6498,순화어린이공원,어린이공원,서울특별시 중구 순화동 217-6,37.56343951,126.9712668,1457.8,소공동
6643,푸른수목원,근린공원,서울특별시 구로구 항동 31,37.48196844,126.8236695,100809.0,항동
6644,연지마을,소공원,서울특별시 구로구 천왕동 7-36,37.482231,126.843715,431.0,오류2동
6645,오류동(대체공원),소공원,서울특별시 구로구 오류동 332-36,37.4934436,126.842953,895.0,오류2동
6646,개명,소공원,서울특별시 구로구 개봉동 314-14,37.48292941,126.8481689,5415.0,개봉3동
6647,천왕역,소공원,서울특별시 구로구 천왕동 13-56,37.48530509,126.8400322,1711.6,오류2동
6648,개봉,소공원,"서울특별시 구로구 개봉동 492-1,-2",37.49958755,126.849609,3023.0,개봉1동
6649,현화,소공원,서울특별시 구로구 고척동 342-1,37.50432419,126.8600969,720.0,고척2동
6650,구로동(다울),소공원,서울특별시 구로구 구로동 1286-1,37.49253575,126.888217,243.39,구로2동
6651,무궁화,소공원,서울특별시 구로구 고척동 341-2,37.50495918,126.8650559,1166.0,고척1동
6652,개봉동과장미,소공원,서울특별시 구로구 개봉동 345-14,37.48810124,126.854735,657.2,개봉3동
6653,갈매,소공원,서울특별시 구로구 온수동 155-4,37.49669974,126.8228085,3200.1,수궁동
6654,와룡,소공원,서울특별시 구로구 온수동 155-3,37.4979921,126.8214922,2500.1,수궁동
6655,이펜시아,어린이공원,서울특별시 구로구 천왕동 2-5,37.483092,126.8473137,1506.0,오류2동
6656,버들,어린이공원,서울특별시 구로구 천왕동 277-14,37.48155019,126.8406417,6167.0,오류2동
6657,오동나무,어린이공원,서울특별시 구로구 오류동 353-4,37.485594,126.838383,1815.0,오류2동
6809,무궁화공원,어린이공원,서울특별시 광진구 구의동 206-10,37.5412468,127.0945509,1041.7,구의3동
6810,목련공원,어린이공원,서울특별시 광진구 구의동 223-4,37.54064005,127.0906545,989.8,구의3동
6811,개나리공원,어린이공원,서울특별시 광진구 구의동 216-5,37.538013,127.0923645,988.8,구의3동
6812,긴고랑공원,어린이공원,서울특별시 광진구 중곡동 68-19,37.55888021,127.0910186,633.0,중곡4동
6813,한마음공원,어린이공원,서울특별시 광진구 중곡동 51-6,37.5595627,127.083993,897.8,중곡2동
6814,해오름공원,어린이공원,서울특별시 광진구 중곡동 100-16,37.55678467,127.0921845,840.0,중곡4동
6815,배나무터공원,어린이공원,서울특별시 광진구 중곡동 695,37.56834108,127.0802695,971.9,중곡3동
6816,중곡공원,어린이공원,서울특별시 광진구 중곡동 232-44,37.5645362,127.079141,995.7,중곡1동
6817,군자공원,어린이공원,서울특별시 광진구 군자동 115-1,37.55456506,127.0728509,642.0,군자동
6818,남일공원,어린이공원,서울특별시 광진구 군자동 159-1,37.5559474,127.0736903,238.0,군자동
6819,화양공원,어린이공원,서울특별시 광진구 화양동 8-36,37.54160778,127.0696005,996.4,화양동
6820,햇님공원,어린이공원,서울특별시 광진구 화양동 45-3,37.5426933,127.0670227,1002.3,화양동
6821,한아름공원,어린이공원,서울특별시 광진구 화양동 12-55,37.5443368,127.0704685,936.2,화양동
6822,가중나무공원,어린이공원,서울특별시 광진구 화양동 32-1,37.54651869,127.0677034,971.6,화양동
6823,자양공원,어린이공원,서울특별시 광진구 자양동 792-1,37.5335548,127.0698629,494.8,자양3동
6824,양마장공원,어린이공원,서울특별시 광진구 자양동 689-6,37.5308707,127.0887271,1113.0,자양2동
6825,성화공원,어린이공원,서울특별시 광진구 자양동 199-4,37.53620746,127.061859,253.0,자양4동
6833,뚝섬유원지역쉼터소공원,소공원,서울특별시 광진구 자양동 854-1,37.53189643,127.0673192,802.3,자양3동
6834,홍련산의소공원,소공원,서울특별시 광진구 구의동 668-5,37.54613706,127.0886173,1291.1,구의2동
6835,능동소공원,소공원,서울특별시 광진구 능동 242-26,37.55243686,127.082877,1062.0,능동
6836,세모꼴소공원,소공원,서울특별시 광진구 자양동 859-1,37.53839854,127.0815488,862.0,자양1동
6837,약초원소공원,소공원,서울특별시 광진구 자양동 553-22,37.53498194,127.0679085,1337.0,자양4동
6838,구의가로휴식소공원,소공원,서울특별시 광진구 구의동 589-4,37.53641296,127.0933277,95.2,구의3동
6839,능동정자마당소공원,소공원,서울특별시 광진구 능동 369-12,37.55343589,127.0793355,1518.0,능동
6840,화양동정자마당소공원,소공원,서울특별시 광진구 화양동 110-34,37.54652182,127.0718116,2382.0,화양동
6841,노유산공원,어린이공원,서울특별시 광진구 자양동 5-7,37.5391102,127.0685096,993.1,자양4동
6842,동자공원,어린이공원,서울특별시 광진구 자양동 582-19,37.5318659,127.0742753,985.9,자양3동
6843,금모래공원,어린이공원,서울특별시 광진구 자양동 651-50,37.53030963,127.0825402,1022.5,자양2동
6844,언덕배기공원,어린이공원,서울특별시 광진구 자양동 686-52,37.53214981,127.0879487,800.4,자양2동
6845,장독골공원,어린이공원,서울특별시 광진구 자양동 804-10,37.5356422,127.0778292,997.4,자양1동
6846,자마장공원,어린이공원,서울특별시 광진구 자양동 630,37.53444854,127.0821916,998.8,자양1동
6847,정말공원,어린이공원,서울특별시 광진구 자양동 619-20,37.53316616,127.0781758,989.4,자양1동
6848,약초원공원,어린이공원,서울특별시 광진구 자양동 74-21,37.532914,127.0664003,826.0,자양4동
6849,평강공원,어린이공원,서울특별시 광진구 광장동 387-1,37.54811752,127.1005781,325.0,광장동
6850,온달공원,어린이공원,서울특별시 광진구 광장동 242-1,37.54598669,127.1040763,1012.0,광장동
6851,명성공원,어린이공원,서울특별시 광진구 구의동 249-25,37.541424,127.0867221,548.4,구의1동
6852,구의공원,어린이공원,서울특별시 광진구 구의동 546-2,37.53650324,127.0947414,10464.0,구의3동
6853,산마루공원,어린이공원,서울특별시 광진구 구의동 560-5,37.55507,127.095143,917.0,구의2동
6854,구둘공원,어린이공원,서울특별시 광진구 구의동 60-8,37.5481208,127.0921708,788.1,구의2동
6855,푸른동산공원,어린이공원,서울특별시 광진구 구의동 227-13,37.5429034,127.0911933,933.2,구의3동
6856,장미공원,어린이공원,서울특별시 광진구 구의동 590-2,37.5362728,127.0901418,986.5,구의3동
6857,안말공원,어린이공원,경기도 구리시 갈매동 613,37.63081645,127.1154485,1500.0,갈매동
6882,신양소공원(가칭),소공원,서울특별시 광진구 자양동 510-38,37.53699,127.068941,310.2,자양4동
6883,중곡역소공원(가칭),소공원,서울특별시 광진구 중곡동 30-79,37.56587772,127.0849113662,1276.7,중곡3동
7057,항동,근린공원,서울특별시 구로구 오류동 산45-5,37.48925322,126.8273745,10701.0,오류2동
7058,항동 4호,근린공원,서울특별시 구로구 항동 산50-3,37.47418114,126.8176643,14084.4,항동
7059,항동 3호,근린공원,서울특별시 구로구 항동 산50-2,37.4751259,126.8154416,12549.5,항동
7060,항동 2호,근린공원,서울특별시 구로구 항동 76-1,37.48192505,126.826833,14425.6,항동
7061,덕의,근린공원,서울특별시 구로구 고척동 339-4,37.50702571,126.8558381,5565.0,고척2동
7187,한아름,어린이공원,경기도 부천시 원미구 상동 391-4,37.49626175,126.7511739,5176.5,상1동
7188,한마음,어린이공원,경기도 부천시 원미구 중동 1217,37.49413234,126.7775203,6181.4,중2동
7189,한림,어린이공원,경기도 부천시 소사구 괴안동 124-2,37.48314014,126.8145669,2645.1,역곡3동
7190,하얀마을,어린이공원,경기도 부천시 원미구 상동 570-6,37.49766935,126.7552214,2843.0,상2동
7191,푸른솔,어린이공원,경기도 부천시 원미구 상동 520-13,37.5135949,126.7518591,2212.1,상3동
7192,푸른,어린이공원,경기도 부천시 원미구 중동 1185-1,37.49619693,126.7726105,6528.9,중2동
7193,편한,어린이공원,경기도 부천시 소사구 송내동 463-107,37.47895273,126.7665136,558.0,송내2동
7194,펄벅,근린공원,경기도 부천시 소사구 심곡본동 산52,37.47406905,126.7786682,79299.0,심곡본동
7195,태양,어린이공원,경기도 부천시 원미구 상동 431,37.48972966,126.7594041,3246.6,상동
7196,최희섭,근린공원,경기도 부천시 원미구 춘의동 산33,37.5039738,126.8035195,177526.4,춘의동
7197,청포도,어린이공원,경기도 부천시 오정구 작동 404,37.50966154,126.8082809,1508.0,성곡동
7198,청실,어린이공원,경기도 부천시 원미구 중동 1192,37.49400295,126.7694372,1505.7,중2동
7199,찬들,근린공원,"경기도 부천시 오정구 오정동 793, 794",37.53098876,126.7663133,13291.0,오정동
7200,진말,어린이공원,경기도 부천시 원미구 심곡동 428-2,37.49099867,126.7798906,1603.6,심곡1동
7201,진달래,근린공원,경기도 부천시 원미구 상동526-2,37.51004985,126.7558496,10767.2,상3동
7202,지석,근린공원,경기도 부천시 소사구 범박동 234-2,37.46610168,126.8156301,12242.7,옥길동
7203,중흥,어린이공원,경기도 부천시 원미구 중동 1052-1,37.50690932,126.7722814,3601.7,중3동
7204,중앙,근린공원,경기도 부천시 원미구 중동 1177,37.5006043,126.7637161,123019.2,중1동
7263,나말,어린이공원,서울특별시 양천구 목4동 724-1,37.538689,126.864464,1002.2,목4동
7264,목동누리,어린이공원,서울특별시 양천구 목3동 965-1,37.546104,126.865222,2190.0,목3동
7265,무궁화,어린이공원,서울특별시 양천구 목3동 712-1,37.541877,126.864247,984.6,목3동
7266,백석,어린이공원,서울특별시 양천구 목3동 646-23,37.545356,126.864912,708.4,목3동
7267,한두,어린이공원,서울특별시 양천구 목3동 611-1,37.549391,126.865352,986.1,목3동
7268,달마을,근린공원,서울특별시 양천구 목2동 946-1,37.543331,126.868045,35214.0,목2동
7269,목동,근린공원,서울특별시 양천구 목2동 517 외 37,37.546529,126.879301,13366.0,목2동
7270,용왕산,근린공원,서울특별시 양천구 목2동 199-51,37.541663,126.875061,213552.0,목2동
7271,무지개,어린이공원,서울특별시 양천구 목1동 925-1,37.528935,126.867044,2375.1,목1동
7272,오목,근린공원,서울특별시 양천구 목1동 921,37.527761,126.873091,21470.4,목1동
7324,351호,어린이공원,경기도 부천시 소사구 범박동 325,37.473317,126.8119916371,1741.0,범박동
7325,세모,소공원,경기도 부천시 원미구 중동 1297,37.4910191737,126.770658,1789.0,중동
7326,198호,근린공원,경기도 부천시 소사구 범박동 329,37.4699196437,126.8114711342,21196.0,범박동
7327,장안,근린공원,경기도 부천시 오정구 고강동 산94-8,37.5224530089,126.8195972796,9886.0,고강본동
7328,289호,어린이공원,경기도 부천시 소사구 심곡본동 산69-1일원,37.47409334,126.7744102,8021.0,심곡본1동
7329,돌내,어린이공원,경기도 부천시 소사구 송내동 397-4,37.48223073,126.763356,4307.0,송내1동
7330,한별,어린이공원,경기도 부천시 소사구 괴안동 203-2,37.48902384,126.820366,2892.5,역곡3동
7331,강남,어린이공원,경기도 부천시 원미구 도당동 271-5,37.50885143,126.7816837,3103.8,도당동
7332,은행나무,소공원,경기도 부천시 오정구 여월동 243-9,37.50732667,126.8048875,504.0,성곡동
7333,새텃말,소공원,경기도 부천시 오정구 여월동 44-79,37.51856321,126.7986224,1044.0,성곡동
7334,흥천,어린이공원,경기도 부천시 원미구 심곡동 159,37.48918807,126.7847181,3166.6,심곡2동
7335,활터,어린이공원,경기도 부천시 소사구 심곡본동 530-379,37.47946223,126.7850631,5022.3,심곡본동
7336,화목한,어린이공원,경기도 부천시 소사구 범박동 225-3,37.46956561,126.8129017,1502.8,범박동
7337,행운,어린이공원,경기도 부천시 원미구 상동323-12,37.48771934,126.7616778,3293.0,상동
7338,행복한,어린이공원,경기도 부천시 원미구 상동 550-6,37.50127997,126.7495194,2489.7,상2동
7339,행복,어린이공원,경기도 부천시 원미구 상동 426,37.49173384,126.7598388,1883.9,상동
7340,햇살,어린이공원,경기도 부천시 소사구 범박동 232-8,37.46807765,126.814545,3618.2,옥길동
7341,함박,근린공원,경기도 부천시 소사구 옥길동 749,37.46365069,126.823002,104914.1,옥길동
7342,초안산<시공원>,근린공원,서울특별시 노원구 월계동 산1,37.64354845,127.0514587,950643.0,월계2동
7343,영축산<시공원>,근린공원,서울특별시 노원구 월계동 산108,37.62834719,127.057541,260500.0,월계1동
7344,불암산<시공원>,기타,서울특별시 노원구 중계동 산101-1,37.6548441824,127.0811811566,5332422.0,중계본동
7345,수락산<시공원>,기타,서울특별시 노원구 상계동 산3-1,37.691731,127.0660338,6691885.3,상계1동
7346,태양,어린이공원,서울특별시 양천구 신월4동 422-1,37.524353,126.838614,998.1,신월4동
7347,경인,어린이공원,서울특별시 양천구 신월3동 196,37.532106,126.828788,1161.6,신월3동
7348,남부,어린이공원,서울특별시 양천구 신월3동 156,37.534821,126.826044,995.9,신월3동
7349,신월2동소공원,소공원,서울특별시 양천구 신월2동 1063-3,37.517502,126.848298,3001.0,신월2동
7350,신장,어린이공원,서울특별시 양천구 신월2동 486,37.524231,126.842737,983.8,신월2동
7351,꽃동산,어린이공원,서울특별시 양천구 신월2동 471,37.526443,126.848436,1002.9,신월2동
7352,신곡,어린이공원,서울특별시 양천구 신월2동 459,37.526252,126.845112,990.4,신월2동
7353,신월,어린이공원,서울특별시 양천구 신월1동 240,37.527015,126.838167,1148.2,신월1동
7354,곰달래,어린이공원,서울특별시 양천구 신월1동 234-11외 4,37.528711,126.837905,945.1,신월1동
7355,반곡,어린이공원,서울특별시 양천구 신월1동 230-1,37.529181,126.835481,946.7,신월1동
7356,돌다리,어린이공원,서울특별시 양천구 신월1동 119,37.531941,126.835812,925.1,신월1동
7357,신대,어린이공원,서울특별시 양천구 신월1동 100-1,37.534828,126.832752,1003.1,신월1동
7358,은하수,어린이공원,서울특별시 양천구 목5동 913-1,37.533387,126.878583,3815.8,목5동
7359,장미,어린이공원,서울특별시 양천구 목5동 912-1,37.534427,126.882744,3963.8,목5동
7360,달님,어린이공원,서울특별시 양천구 목5동 911-5,37.535171,126.885482,3659.2,목5동
7361,진달래,어린이공원,서울특별시 양천구 목5동 904-1,37.531972,126.870154,6517.0,목5동
7362,영도,어린이공원,서울특별시 양천구 목5동 903-2,37.535067,126.872941,2985.4,목5동
7363,별님,어린이공원,서울특별시 양천구 목5동 902-2,37.537814,126.875231,4211.4,목5동
7364,햇님,어린이공원,서울특별시 양천구 목5동 901-2,37.539933,126.879386,2299.5,목5동
7365,목마,근린공원,서울특별시 양천구 목5동 910,37.538161,126.885426,12816.8,목5동
7366,파리,문화공원,서울특별시 양천구 목5동 906,37.534645,126.877186,29619.3,목5동
7367,마장,어린이공원,서울특별시 양천구 목4동 791-22,37.533508,126.864686,785.4,목4동
7368,모세미,어린이공원,서울특별시 양천구 목4동 772-1,37.535262,126.868644,988.9,목4동
7369,정목,어린이공원,서울특별시 양천구 목4동 767-1,37.536923,126.868305,987.3,목4동
7370,문화공원2,문화공원,경기도 광명시 일직동 528-1,37.412559,126.8857,14098.0,일직동
7371,소하동역사공원,역사공원,경기도 광명시 소하동 산 102-1,37.435028,126.8745,4640.0,소하2동
7372,도덕산,근린공원,경기도 광명시 광명동 산75,37.469467,126.8579,1328737.0,광명7동
7373,일직수변공원,수변공원,경기도 광명시 일직동 395-4,37.412131,126.8837,52996.0,일직동
7374,기형도문화공원,문화공원,경기도 광명시 일직동 산20-2외,37.426066,126.8825,52761.0,소하2동
7375,충현역사공원,역사공원,경기도 광명시 소하동 1068-3,37.432106,126.8783,7352.0,소하2동
7376,덕 안,근린공원,경기도 광명시 소하동 산146,37.427343,126.8833,37773.0,소하2동
7377,영당말,근린공원,경기도 광명시 소하동 1378-1,37.433803,126.8823,20250.0,소하2동
7378,한 내,근린공원,경기도 광명시 소하동 1308,37.451193,126.8867,87838.0,소하1동
7379,소 하,근린공원,경기도 광명시 소하동 919-1,37.435724,126.8757,24850.0,소하2동
7380,안터저수지,근린공원,경기도 광명시 하안동 862,37.459309,126.8698,20294.0,하안1동
7381,가림2,어린이공원,경기도 광명시 하안동 703,37.466666,126.864,10059.0,하안1동
7395,능골공원,근린공원,서울특별시 강동구 강일동 산19,37.556768,127.174727,31464.2,상일2동
7422,철망산,근린공원,경기도 광명시 하안동 산 24-2,37.465103,126.8699854424,122674.0,하안2동
7423,광 덕,근린공원,경기도 광명시 철산동 633-1,37.470453,126.8729644602,12645.0,하안1동
7424,광덕산,근린공원,경기도 광명시 철산동 산 80-1,37.472142,126.871,61613.0,철산3동
7425,왕재산,근린공원,경기도 광명시 철산동 450,37.476078,126.8725,16118.0,철산3동
7426,현 충,근린공원,경기도 광명시 철산동 153,37.4837846993,126.865242037,34587.0,철산2동
7427,너부대,근린공원,경기도 광명시 광명동 164-2,37.478924,126.8466,35997.0,광명5동
7428,자경제2,어린이공원,경기도 광명시 일직동 505-10,37.4211995369,126.8912722594,2997.0,일직동
7429,자경제1,어린이공원,경기도 광명시 일직동 504-3,37.421193,126.8899841301,1187.0,일직동
7430,꽃향기,어린이공원,경기도 광명시 소하동 1376,37.432319,126.8861502833,3823.0,소하2동
7431,과일나라,어린이공원,경기도 광명시 소하동 1127,37.431767,126.8772,1821.0,소하2동
7432,오리,어린이공원,경기도 광명시 소하동 946,37.434214,126.8764,2549.0,소하2동
7433,개운,어린이공원,경기도 광명시 소하동 935,37.436971,126.8775,1501.0,소하2동
7434,한솔,어린이공원,경기도 광명시 소하동 1234,37.437001,126.8833779916,1504.0,소하2동
7435,선경,어린이공원,경기도 광명시 소하동 1247,37.435705,126.8819608945,1500.0,소하2동
7436,성화,어린이공원,경기도 광명시 소하동 1258,37.434551,126.8839758875,1500.0,소하2동
7437,새싹,어린이공원,경기도 광명시 소하동 1267-1,37.434417,126.8801,1500.0,소하2동
7438,해오름,어린이공원,경기도 광명시 소하동 1351,37.442952,126.8938,5879.0,소하1동
7439,둔벙,어린이공원,경기도 광명시 소하동 1349,37.444536,126.8916968887,1590.0,소하1동
7440,금빛,어린이공원,경기도 광명시 소하동 1326,37.446186,126.8905,1582.0,소하1동
7441,그루터기,어린이공원,경기도 광명시 소하동 1319,37.448535,126.8885,8421.0,소하1동
7442,물결,어린이공원,경기도 광명시 소하동 1305-10,37.450874,126.8825858021,3298.0,소하1동
7443,하평,어린이공원,경기도 광명시 소하동 1288-1,37.453006,126.8828836943,1590.0,소하1동
7444,새터,어린이공원,경기도 광명시 소하동 1363-3,37.448687,126.8916,2530.0,소하1동
7445,달맞이,어린이공원,경기도 광명시 소하동 1299,37.455721,126.8843,9191.0,소하1동
7446,백합,어린이공원,경기도 광명시 하안동 200-5,37.458521,126.8861907656,1500.0,하안3동
7447,병아리,어린이공원,경기도 광명시 하안동 200-4,37.459211,126.8848,1500.0,하안3동
7448,초록,어린이공원,경기도 광명시 하안동 260-5,37.456195,126.8850615363,1500.0,하안3동
7449,개나리,어린이공원,경기도 광명시 하안동 110-4,37.461532,126.8826,1500.0,하안3동
7450,서편,어린이공원,경기도 광명시 하안동  27-4,37.464341,126.8817,1500.0,하안4동
7451,푸른,어린이공원,경기도 광명시 하안동 110-1,37.463593,126.8822,1500.0,하안3동
7452,노봉애,어린이공원,경기도 광명시 하안동 13-5,37.466655,126.8777827928,1500.0,하안4동
7453,무궁화,어린이공원,경기도 광명시 하안동 30-6,37.464706,126.8797,1500.0,하안4동
7454,꿈나무,어린이공원,경기도 광명시 하안동 260-10,37.457519,126.8818,1500.0,하안3동
7455,나래,어린이공원,경기도 광명시 하안동 295-2,37.459691,126.8803706674,1500.0,하안3동
7456,새싹,어린이공원,경기도 광명시 하안동 296-4,37.460083,126.878498743,1500.0,하안3동
7457,평화,어린이공원,경기도 광명시 하안동 682-2,37.464919,126.8745,1500.0,하안2동
7458,소망,어린이공원,경기도 광명시 하안동 650-6,37.463546,126.875260265,1500.0,하안2동
7459,무지개,어린이공원,경기도 광명시 하안동 650-7,37.462805,126.8766834941,1500.0,하안2동
7460,안현,어린이공원,경기도 광명시 하안동 597,37.460107,126.872470406,1500.0,하안1동
7461,가림,어린이공원,경기도 광명시 하안동 702-3,37.464803,126.8662895239,1500.0,하안1동
7462,현대,어린이공원,경기도 광명시 하안동 707-23,37.467601,126.8645827399,1500.0,하안1동
7463,햇빛,어린이공원,경기도 광명시 철산동 367-1,37.472991,126.8753805103,1500.0,철산3동
7464,도덕파크,어린이공원,경기도 광명시 철산동 618,37.46982,126.8654895483,1500.0,철산4동
7465,철산13단지,어린이공원,경기도 광명시 철산동 242,37.478692,126.8703730734,1650.0,철산3동
7466,연서,어린이공원,경기도 광명시 철산동 185,37.481614,126.8634,1594.0,철산2동
7467,철산,어린이공원,경기도 광명시 철산동 629-1,37.488716,126.8644626932,2615.0,철산1동
7468,희망찬,어린이공원,경기도 광명시 광명동 712,37.472275,126.857,2563.0,광명7동
7469,신나는,어린이공원,경기도 광명시 광명동 731,37.468133,126.8544805883,1703.0,광명7동
7470,우리또래,어린이공원,경기도 광명시 광명동 745,37.467274,126.8501,2406.0,광명7동
7471,꿈동산,어린이공원,경기도 광명시 광명동 755,37.469764,126.8474,1501.0,광명6동
7472,우리,어린이공원,경기도 광명시 광명동 759-14,37.472066,126.8458,4141.0,광명6동
7473,둥지,어린이공원,경기도 광명시 광명동 382-8,37.471327,126.8487,1502.0,광명6동
7474,너부대,어린이공원,경기도 광명시 광명동 172-77,37.478599,126.8481752088,1631.0,광명5동
7475,광이제2(다솜),어린이공원,경기도 광명시 광명동 98-11,37.48244,126.8541,893.0,광명2동
7476,호봉제3소공원,소공원,경기도 광명시 일직동 219-5,37.4188,126.8792,261.0,일직동
7477,구름공원,어린이공원,서울특별시 강동구 강일동 378,37.566745,127.179213,1540.0,강일동
7478,꽃사슴,어린이공원,서울특별시 양천구 신정3동 1195,37.521702,126.848443,1009.1,신정3동
7479,신세계,어린이공원,서울특별시 양천구 신정2동 119-3,37.521691,126.875895,1674.0,신정2동
7480,신정,어린이공원,서울특별시 양천구 신정2동 128-198,37.520437,126.874778,487.0,신정2동
7481,단지,어린이공원,서울특별시 양천구 신정1동 1033-18,37.519694,126.854131,3997.9,신정1동
7482,꽃사과,어린이공원,서울특별시 양천구 신정1동 313-2,37.520069,126.864623,1738.6,신정1동
7483,개나리,어린이공원,서울특별시 양천구 신정1동 312-2,37.517709,126.862844,3500.0,신정1동
7484,꿈나무,어린이공원,서울특별시 양천구 신정1동 311-1,37.517641,126.858518,3148.2,신정1동
7485,신트리,근린공원,서울특별시 양천구 신정1동 310-7,37.514686,126.856359,16409.3,신정1동
7486,양명,어린이공원,서울특별시 양천구 신정1동 1050-3,37.519271,126.854392,667.4,신정1동
7487,해태,어린이공원,서울특별시 양천구 신정1동 1017-5,37.521748,126.862147,1046.8,신정1동
7488,온수도시자연공원,도시농업공원,서울특별시 양천구 신월동 산85-4 일대,37.505895,126.840021,1003471.0,신정3동
7489,양지,근린공원,서울특별시 양천구 신월7동 936,37.522204,126.830867,9013.4,신월7동
7490,곰달래,근린공원,서울특별시 양천구 신월7동 904-1,37.524918,126.833053,12234.0,신월7동
7491,신월,근린공원,서울특별시 양천구 신월7동 987-2,37.517521,126.833892,33058.0,신월7동
7492,독서,근린공원,서울특별시 양천구 신월7동 987,37.519783,126.834992,19380.8,신월7동
7493,금실,어린이공원,서울특별시 양천구 신월7동 985,37.518409,126.837199,3378.8,신월7동
7494,오솔길,근린공원,서울특별시 양천구 신월7동 977,37.521068,126.836526,18047.2,신월7동
7495,한울,근린공원,서울특별시 양천구 신월7동 956,37.519698,126.832681,15465.4,신월7동
7496,아동,어린이공원,서울특별시 양천구 신월7동 922-1,37.523024,126.833504,1500.2,신월7동
7497,강신,어린이공원,서울특별시 양천구 신월6동 1012-2,37.515669,126.838421,1500.0,신월6동
7498,강월,어린이공원,서울특별시 양천구 신월6동 1004,37.515639,126.836422,2755.6,신월6동
7499,신오,어린이공원,서울특별시 양천구 신월5동 73-2,37.538178,126.831469,932.4,신월5동
7500,송죽,어린이공원,서울특별시 양천구 신월5동 65,37.539399,126.833858,444.9,신월5동
7501,방아다리,어린이공원,서울특별시 양천구 신월5동 56-1,37.538641,126.828308,927.3,신월5동
7502,당뒤,어린이공원,서울특별시 양천구 신월5동 13-1,37.541496,126.828616,1068.8,신월5동
7503,당곡,어린이공원,서울특별시 양천구 신월4동 542,37.518649,126.840006,1055.3,신월4동
7504,꿀벌,어린이공원,서울특별시 양천구 신월4동 531,37.519986,126.842014,1005.2,신월4동
7505,문화,어린이공원,서울특별시 양천구 신월4동 515,37.521202,126.842733,992.1,신월4동
7506,남도,어린이공원,서울특별시 양천구 신월4동 426-4,37.524405,126.840798,1009.9,신월4동
7507,하늘마루,어린이공원,서울특별시 양천구 신정3동 1316-2,37.512571,126.831703,1500.0,신정3동
7508,넘은들,근린공원,서울특별시 양천구 신정3동 1286,37.512951,126.840441,16159.6,신정3동
7509,신이,어린이공원,서울특별시 양천구 신정3동 1284-1,37.512521,126.837529,1510.3,신정3동
7510,푸른,어린이공원,서울특별시 양천구 신정3동 1283-1,37.511603,126.837445,2574.9,신정3동
7511,계남,근린공원,"서울특별시 양천구 신정3동 521, 621일대",37.513745,126.844816,440173.0,신정3동
7512,신기,어린이공원,서울특별시 양천구 신정3동 1260,37.514092,126.854244,1534.0,신정3동
7513,학마을,어린이공원,서울특별시 양천구 신정3동 1293-4,37.508919,126.843669,1500.0,신정3동
7514,성심공원,어린이공원,서울특별시 강동구 길동 386-1,37.53831458,127.137376,992.3,길동
7515,희망공원,어린이공원,서울특별시 강동구 길동 365-6,37.53897711,127.142255,992.4,길동
7516,무궁화공원,어린이공원,서울특별시 강동구 길동 340-17,37.5423345,127.1454038,996.3,길동
7517,달님공원,어린이공원,서울특별시 강동구 길동 405-21,37.53621038,127.142551,998.6,길동
7518,샛별공원,어린이공원,서울특별시 강동구 성내1동 566,37.526993,127.127036,2391.6,성내1동
7519,안말공원,어린이공원,서울특별시 강동구 성내3동 512,37.531236,127.129903,2290.3,성내2동
7520,보람공원,어린이공원,서울특별시 강동구 성내3동 444-6,37.52471702,127.131302,989.9,성내3동
7521,선린공원,어린이공원,서울특별시 강동구 성내3동 424,37.52851478,127.132711,1575.2,성내3동
7522,성안공원,어린이공원,서울특별시 강동구 성내3동 405-18,37.531369,127.134773,1057.1,성내3동
7523,혜림공원,어린이공원,서울특별시 강동구 천호1동 47-23,37.54460149,127.139905,992.0,천호1동
7524,명우공원,어린이공원,서울특별시 강동구 명일1동 312-206,37.551537,127.141455,403.0,명일1동
7525,명일공원,근린공원,서울특별시 강동구 상일동 135,37.5512577,127.1634092,649709.6,상일1동
7526,일자산공원,근린공원,서울특별시 강동구 둔촌동 산140,37.5330568,127.1513563,632733.0,둔촌2동
7527,고명공원,어린이공원,서울특별시 강동구 명일1동 312-30,37.552473,127.143352,545.0,명일1동
7528,광진공원,어린이공원,서울특별시 강동구 천호2동 338-19,37.542946,127.122505,1672.7,천호2동
7529,동산공원,어린이공원,서울특별시 강동구 천호2동 305-11,37.547119,127.129682,1646.0,천호2동
7530,고분다리공원,어린이공원,서울특별시 강동구 천호2동 300,37.54540502,127.131821,1621.8,천호2동
7531,천사공원,어린이공원,서울특별시 강동구 천호2동 363-5,37.54380935,127.1284086,1617.2,천호2동
7532,선사공원,어린이공원,서울특별시 강동구 암사3동 440,37.55576061,127.1299975,1610.3,암사3동
7533,구암공원,어린이공원,서울특별시 강동구 암사3동 449-8,37.556567,127.137608,1647.8,암사3동
7534,볕우물공원,어린이공원,서울특별시 강동구 암사1동 453-8,37.553613,127.135704,1552.8,암사1동
7535,광나루공원,어린이공원,서울특별시 강동구 암사2동 515,37.5500717,127.1255454,1637.7,암사2동
7536,새장터공원,어린이공원,서울특별시 강동구 암사1동 468-2,37.55212624,127.130563,1592.0,암사1동
7537,성내천공원,어린이공원,서울특별시 강동구 성내1동 463-4,37.526764,127.123929,1413.6,성내1동
7538,염주골공원,어린이공원,서울특별시 강동구 명일1동 326-10,37.549932,127.1456059,991.3,명일1동
7539,샘물공원,어린이공원,서울특별시 강동구 명일1동 315-1,37.5510159,127.1447414,992.1,명일1동
7565,오현,어린이공원,서울특별시 강북구 번3동 244,37.6245294,127.0466034,3661.0,번3동
7566,벌말,어린이공원,서울특별시 강북구 번2동 235,37.6296813,127.0396722,4641.3,번2동
7567,벌리,어린이공원,서울특별시 강북구 번3동 240,37.6275219,127.0445034,4083.5,번3동
7568,오얏골,어린이공원,서울특별시 강북구 번2동 228,37.6341439,127.0344484,5070.7,번2동
7569,오동근린공원,근린공원,서울특별시 강북구 번동 산20-1,37.6292331,127.0330524,1025284.1,번2동
7570,샛강,어린이공원,서울특별시 강북구 번1동 472-44,37.6395202,127.0329966,858.2,번1동
7571,논골,어린이공원,서울특별시 강북구 번1동 417-27,37.6386856,127.0279086,991.7,번1동
7572,번남,어린이공원,서울특별시 강북구 번1동 447-1,37.6357586,127.0247969,1014.9,번1동
7573,미,소공원,서울특별시 강북구 송중동 71-1,37.6137937,127.0305656,424.4,송중동
7574,미아,어린이공원,서울특별시 강북구 송중동 8-73,37.6152567,127.0375807,992.0,송중동
7575,고갯마루,어린이공원,서울특별시 강북구 삼각산동 811-13,37.6164203,127.0169389,2185.8,삼각산동
7576,테두리,어린이공원,서울특별시 강북구 삼각산동 811-8,37.6186251,127.0176915,1913.0,삼각산동
7577,꼭지,소공원,서울특별시 강북구 삼각산동 811-7,37.6188024,127.017338,746.0,삼각산동
7578,폭포,소공원,서울특별시 강북구 삼각산동 813-6,37.612576,127.021656,1238.0,삼각산동
7579,늘푸른,소공원,서울특별시 강북구 삼양동 797-9,37.6254089,127.0197435,646.0,삼양동
7580,미래,소공원,서울특별시 강북구 삼양동 791-1712,37.6246182,127.0145881,564.0,삼양동
7581,소망,소공원,서울특별시 강북구 삼양동 791-1467,37.6258055,127.0154221,320.0,삼양동
7582,송월,어린이공원,서울특별시 강북구 송중동 92-7,37.6163653,127.0321067,807.0,송중동
7583,하늘,어린이공원,서울특별시 강북구 삼양동 791-1776,37.6247032,127.012899,3367.0,삼양동
7584,응달마을,어린이공원,서울특별시 강북구 송천동 707-73,37.618455,127.024343,866.0,송천동
7585,청암,어린이공원,서울특별시 강북구 삼양동 776-17,37.6241079,127.0171437,661.0,삼양동
7586,북한산도시자연공원,기타,서울특별시 강북구 미아동 산108-19,37.6210716,127.0083592,84448.4,삼양동
7587,세일,어린이공원,서울특별시 강북구 미아동 159-71,37.6338794,127.0252746,839.7,미아동
7588,으뜸,어린이공원,서울특별시 강북구 미아동 309-43,37.6236134,127.0262421,681.0,미아동
7589,솔샘,어린이공원,서울특별시 강북구 송천동 329-15,37.6184142,127.0270508,1264.1,송천동
7590,운산,어린이공원,서울특별시 강북구 미아동 165-3,37.6321329,127.025456,995.1,미아동
7591,한빛,어린이공원,서울특별시 강북구 미아동 222-20,37.6275981,127.0229662,1192.1,미아동
7592,오패,어린이공원,서울특별시 강북구 미아동 258-236,37.6223139,127.0323129,1084.0,송중동
7593,미아도심소,어린이공원,서울특별시 강북구 미아동 258-148,37.62544556,127.0313106,1127.0,송중동
7594,벽오산,어린이공원,서울특별시 강북구 미아동 258-56,37.6275862,127.0302734,1250.0,미아동
7595,체육공원,체육공원,경기도 남양주시 평내동 598,37.6467584,127.2430898,10010.0,평내동
7596,소공원/1,소공원,경기도 남양주시 별내면 청학리 420-2,37.70974559,127.1130858,3240.0,별내면
7597,홍유릉역사공원,역사공원,경기도 남양주시 금곡동 437,37.6319105,127.2110939,1233657.0,금곡동
7598,경성큰마을소공원,소공원,경기도 남양주시 화도읍 묵현리 604-14(604-15),37.65352885,127.2678908,4004.0,화도읍
7599,문화공원/1,문화공원,경기도 남양주시 다산동 3207-3,37.6123567,127.167554,21501.0,다산1동
7600,도뮤토아파트어린이공원,어린이공원,경기도 남양주시 화도읍 창현리 778-3,37.64463773,127.3043904,2810.0,화도읍
7601,다산진건 어린이공원 7호,어린이공원,경기도 남양주시 다산동 6154,37.61587015,127.1573076,2907.0,다산1동
7602,다산지금 소공원 4호,소공원,경기도 남양주시 다산동 6230-1,37.60195436,127.1670758,9164.0,다산2동
7603,월산리4지구소공원,소공원,경기도 남양주시 화도읍 월산리 1527-4,37.651867,127.336242,190.0,화도읍
7604,능내공원,문화공원,경기도 남양주시 조안면 능내리 131-1,37.52355832,127.2961297,9344.0,조안면
7605,녹촌제1호어린이공원,어린이공원,경기도 남양주시 화도읍 녹촌리 556-1,37.65112724,127.2984992,3125.0,화도읍
7607,장승다담공원,역사공원,경기도 남양주시 진접읍 장현리 46,37.72960183,127.194169,13422.0,진접읍
7608,체육공원 2호,체육공원,경기도 남양주시 다산동 6033,37.627789,127.160123,13044.0,다산1동
7609,다산진건 어린이공원 6호,어린이공원,경기도 남양주시 다산동 6093,37.62191683,127.158012,2363.0,다산1동
7610,다산지금 어린이공원 5호,어린이공원,경기도 남양주시 다산동 6236-1,37.59926958,127.173109,4768.0,다산2동
7611,다산지금 어린이공원 4호,어린이공원,경기도 남양주시 다산동 6224,37.60056682,127.1716826,3196.0,다산2동
7612,다산지금 어린이공원 2호,어린이공원,경기도 남양주시 다산동 6171-1,37.61284364,127.165571,2921.0,다산1동
7613,다산지금 어린이공원 1호,어린이공원,경기도 남양주시 다산동 6121,37.619353,127.163451,1573.0,다산1동
7614,어린이공원/3,어린이공원,경기도 남양주시 다산동 6201-1,37.60901773,127.1683223,2544.0,다산2동
7615,다산지금 소공원 3호,소공원,경기도 남양주시 다산동 6196-2,37.61094363,127.170485,2867.0,다산2동
7616,다산지금 소공원 2호,소공원,경기도 남양주시 다산동 6192,37.61005079,127.1663165,865.0,다산2동
7617,다산지금 소공원 1호,소공원,경기도 남양주시 다산동 6106,37.62065994,127.1631337,7042.0,다산1동
7618,소공원/393,소공원,경기도 남양주시 화도읍 창현리 778-4,37.6449393,127.3066532,822.0,화도읍
7619,소공원/3,소공원,경기도 남양주시 다산동 6300,37.60619025,127.1510797,1123.0,다산1동
7620,문화공원/367,문화공원,경기도 남양주시 화도읍 월산리 1528-3,37.65351626,127.3376956,7721.0,화도읍
7621,근린공원/366,근린공원,경기도 남양주시 화도읍 월산리 1528-4,37.653182,127.3416641,17631.0,화도읍
7622,금곡산업단지소공원2,소공원,경기도 남양주시 진접읍 금곡리 2082,37.7092353,127.2133635,1351.0,진접읍
7623,금곡산업단지소공원1,소공원,경기도 남양주시 진접읍 금곡리 2067-1,37.7104379,127.2143691,545.0,진접읍
7624,동양파라곤근린공원,근린공원,경기도 남양주시 호평동 산5-36(5-7일원),37.6685608,127.2502428,14025.0,호평동
7625,일패근린공원,근린공원,경기도 남양주시 일패동 860-9,37.62471533,127.1695773,54947.0,양정동
7626,소공원050,소공원,경기도 남양주시 화도읍 묵현리 22-11,37.6679485,127.3016151,495.0,화도읍
7627,체육공원,체육공원,경기도 남양주시 진건읍 용정리 산164,37.66392027,127.1932982,12000.0,진건읍
7628,체육공원,체육공원,경기도 남양주시 와부읍 덕소리 97-7,37.5893857,127.2256748,9942.0,와부읍
7629,에코랜드 체육공원,체육공원,경기도 남양주시 별내면 광전리 63-2,37.702665,127.128951,65715.0,별내면
7630,체육공원,체육공원,경기도 남양주시 별내면 광전리 199-21,37.6976067,127.128038,4189.0,별내면
7631,모란공원,묘지공원,경기도 남양주시 화도읍 월산리 601,37.64612379,127.322341,740245.0,화도읍
7632,광암저수지,수변공원,경기도 남양주시 화도읍 차산리 83-2,37.63723456,127.303008,11061.0,화도읍
7633,구석기역사공원,역사공원,경기도 남양주시 호평동 679,37.6581514,127.2545505,7697.0,호평동
7634,사능역사공원,역사공원,경기도 남양주시 진건읍 사능리 107,37.64653875,127.1970835,156629.0,진건읍
7635,오남체육 근린공원,근린공원,경기도 남양주시 오남읍 오남리 858,37.6939541,127.1973734,13146.0,오남읍
7636,사용종료매립장근린공원,근린공원,경기도 남양주시 화도읍 창현리 315,37.63484215,127.3105237,11074.0,화도읍
7637,별내택지소공원3,소공원,경기도 남양주시 별내동 1044,37.6467404,127.1109594,4564.0,별내동
7638,체육공원 1호,체육공원,경기도 남양주시 다산동 6138,37.61670715,127.1487383,38371.0,다산1동
7639,수변공원 2호,수변공원,"경기도 남양주시 다산동 6022, 6074",37.6232428,127.1442049,84994.0,다산1동
7640,수변공원 1호,수변공원,"경기도 남양주시 다산동 6003, 6005",37.62935399,127.1468621,15950.0,다산1동
7641,다산지금 근린공원 4호,근린공원,경기도 남양주시 다산동 6252-1,37.59592761,127.1681365,21723.0,다산2동
7642,다산지금 근린공원 3호,근린공원,경기도 남양주시 다산동 6244,37.59769657,127.1756825,77478.0,다산2동
7643,다산지금 근린공원 2호,근린공원,경기도 남양주시 다산동 6211,37.60332648,127.1734784,76794.0,다산2동
7644,다산지금 근린공원 1호,근린공원,경기도 남양주시 다산동 6107,37.62205671,127.1635975,15659.0,다산1동
7645,다산진건 근린공원 2호,근린공원,경기도 남양주시 다산동 6211-1,37.60360777,127.172401,118844.0,다산2동
7646,다산진건 근린공원 6호,근린공원,경기도 남양주시 다산동 6083,37.6222488,127.149464,12033.0,다산1동
7647,다산진건 근린공원 3호,근린공원,경기도 남양주시 다산동 6057,37.62468258,127.154401,28506.0,다산1동
7648,다산진건 근린공원 1호,근린공원,경기도 남양주시 다산동 6016,37.62955509,127.1493838,13210.0,다산1동
7649,다산진건 어린이공원 4호,어린이공원,경기도 남양주시 다산동 6047,37.62663218,127.1600322,2409.0,다산1동
7650,도제원지구 수변공원,수변공원,경기도 남양주시 퇴계원읍 퇴계원리 370,37.64445412,127.1470021,12618.0,퇴계원읍
7651,황금산 문화공원,문화공원,경기도 남양주시 지금동 719,37.60533594,127.1681642,49812.0,다산2동
7652,중앙근린공원,근린공원,"경기도 남양주시 다산동 715, 717, 724, 726, 736, 739",37.60388452,127.1575713,55334.0,다산2동
7653,소공원,소공원,경기도 남양주시 진건읍 진관리 985-3,37.63716861,127.1564086,1289.0,진건읍
7654,가운택지 문화공원,문화공원,경기도 남양주시 다산동 672-1,37.60239551,127.1587777,5580.0,다산2동
7655,진접1호하늘아리공원,근린공원,경기도 남양주시 진접읍 금곡리 963,37.7123112,127.1845458,11750.0,진접읍
7656,진접2호에버그린파크,근린공원,경기도 남양주시 진접읍 금곡리 1077,37.71568861,127.1929223,150387.0,진접읍
7657,진접4호해참공원,근린공원,경기도 남양주시 진접읍 금곡리 1118,37.7189556,127.2050662,108852.0,진접읍
7658,진접6호은빛공원,근린공원,경기도 남양주시 진접읍 금곡리 1091,37.7142154,127.1951621,56179.0,진접읍
7659,진접5호청솔공원,근린공원,경기도 남양주시 진접읍 금곡리 1105,37.7114666,127.2016379,49943.0,진접읍
7660,진접3호두리공원,근린공원,경기도 남양주시 진접읍 금곡리 978,37.722121,127.1965461,11027.0,진접읍
7661,호평제6호공원,어린이공원,경기도 남양주시 호평동 615-2,37.6604797,127.2441656,6388.0,호평동
7662,소공원,소공원,경기도 남양주시 진접읍 팔야리 835-4,37.75091044,127.2333075,1481.0,진접읍
7663,소공원,소공원,경기도 남양주시 진접읍 팔야리 836-7,37.7504642,127.232058,3481.0,진접읍
7664,오남근린공원,근린공원,경기도 남양주시 오남읍 양지리 512-29,37.6979608,127.1978694,13823.0,오남읍
7665,소공원,소공원,경기도 남양주시 진접읍 연평리 847,37.7059876,127.1844277,1203.0,진접읍
7666,부영7단지 어린이공원,어린이공원,경기도 남양주시 다산동 4435-8,37.61011255,127.1549769,2437.0,다산1동
7667,오남2소공원,소공원,경기도 남양주시 오남읍 오남리 889-2,37.6950591,127.2024424,950.0,오남읍
7668,오남1소공원,소공원,경기도 남양주시 오남읍 오남리 889-1,37.69634712,127.1981943,201.0,오남읍
7669,녹촌제1호근린공원,근린공원,경기도 남양주시 화도읍 녹촌리 573,37.65188659,127.2943501,10495.0,화도읍
7670,녹촌제3호어린이공원,어린이공원,경기도 남양주시 화도읍 녹촌리 572,37.6511093,127.292118,3055.0,화도읍
7671,녹촌제2호어린이공원,어린이공원,경기도 남양주시 화도읍 녹촌리 577,37.64986138,127.2978853,1500.0,화도읍
7672,마석신도2차2호소공원,소공원,경기도 남양주시 화도읍 묵현리 625-4,37.6620664,127.3000791,335.0,화도읍
7673,마석신도2차1호소공원,소공원,경기도 남양주시 화도읍 묵현리 92-7,37.6629166,127.2986365,295.0,화도읍
7674,별내택지 체육공원4,체육공원,경기도 남양주시 별내동908,37.66009632,127.1234243,21946.0,별내동
7675,별내택지 체육공원3,체육공원,경기도 남양주시 별내동910,37.65972854,127.1213588,12367.0,별내동
7676,별내택지체육공원1,체육공원,경기도 남양주시 별내동858,37.664986,127.118584,7759.0,별내동
7677,별내택지 체육공원,체육공원,경기도 남양주시 별내동 861,37.66427015,127.1201524,47845.0,별내동
7678,별내택지 근린공원5,근린공원,경기도 남양주시 별내동 1074,37.6540409,127.1157796,144582.0,별내동
7679,별내택지 근린공원6,근린공원,경기도 남양주시 별내동 1016-3,37.6472205,127.1246392,76348.0,별내동
7680,별내택지 근린공원4,근린공원,경기도 남양주시 별내동 918,37.65657399,127.1215905,65676.0,별내동
7681,별내택지 근린공원7,근린공원,경기도 남양주시 별내동 988,37.64392211,127.1283003,54318.0,별내동
7682,별내택지 근린공원3,근린공원,경기도 남양주시 별내동 938-1,37.65493394,127.1270364,31560.0,별내동
7683,별내택지 근린공원2,근린공원,경기도 남양주시 별내동 956-5,37.6595533,127.1278149,29162.0,별내동
7684,별내택지 근린공원1,근린공원,경기도 남양주시 별내동 818,37.67007379,127.116929,28459.0,별내동
7685,별내택지어린이공원5,어린이공원,경기도 남양주시 별내동 904,37.66061894,127.1268115,6981.0,별내동
7686,별내택지어린이공원1,어린이공원,경기도 남양주시 별내동 1162,37.66493242,127.1102843,4299.0,별내동
7687,별내택지어린이공원7,어린이공원,경기도 남양주시 별내동 1038-3,37.6460333,127.1154635,4290.0,별내동
7688,별내택지어린이공원4,어린이공원,경기도 남양주시 별내동 1130,37.6577684,127.1147836,3040.0,별내동
7690,별내택지어린이공원6,어린이공원,경기도 남양주시 별내동 1092,37.6510798,127.1144787,1989.0,별내동
7691,별내택지어린이공원2,어린이공원,경기도 남양주시 별내동 838-9,37.6660172,127.1153041,1694.0,별내동
7711,호봉제2소공원,소공원,경기도 광명시 일직동 225-5,37.4179692327,126.8792,385.0,일직동
7712,호봉제1소공원,소공원,경기도 광명시 일직동 228-2,37.4187,126.8796,202.0,일직동
7713,소하제2소공원,소공원,경기도 광명시 소하동 1317-2,37.448121,126.8903590876,609.0,소하1동
7714,소하제1소공원,소공원,경기도 광명시 소하동 1315-4,37.448801,126.8898875639,695.0,소하1동
7715,기찻길소공원,소공원,경기도 광명시 소하동 1373-5,37.434852,126.8858798604,1150.0,소하2동
7716,밤일제7소공원,소공원,경기도 광명시 하안동 883-3,37.452847,126.8630778986,625.0,하안1동
7717,밤일제6소공원,소공원,경기도 광명시 하안동 883,37.452936,126.8626,492.0,하안1동
7718,밤일제5소공원,소공원,경기도 광명시 하안동 876-3,37.453133,126.8616,282.0,하안1동
7719,밤일제4소공원,소공원,경기도 광명시 하안동 874-8,37.453449,126.8616935043,322.0,하안1동
7720,밤일제3소공원,소공원,경기도 광명시 하안동 869-2,37.453812,126.8617,1015.0,하안1동
7721,밤일제2소공원,소공원,경기도 광명시 하안동 867-1,37.454142,126.8619590676,202.0,하안1동
7735,이야기꽃어린이공원,어린이공원,인천광역시 부평구 부평6동 604-40번지,37.4885231,126.7262459,1450.0,부평6동
7736,국제화복합단지 2호 근린공원,근린공원,인천광역시 연수구 송도동 158-3,37.38430919,126.6599332,12214.4,송도3동
7737,첨단산업클러스터5호 근린공원,근린공원,인천광역시 연수구 송도동 192-4,37.37239029,126.655518,10424.4,송도3동
7738,대암공원,문화공원,인천광역시 연수구 옥련동 582-2,37.4164139,126.6541196,3306.0,옥련1동
7739,송도누리공원,문화공원,인천광역시 연수구 송도동 190-1,37.37860635,126.6555701,55703.9,송도3동
7740,첨단산업클러스터2호어린이공원,어린이공원,인천광역시 연수구 송도동 191-7,37.37381957,126.656893,9065.0,송도3동
7741,첨단산업클러스터3호 근린공원,근린공원,인천광역시 연수구 송도동 199-2,37.36801326,126.6633868,30161.0,송도3동
7742,푸른송도배수지공원,근린공원,인천광역시 연수구 동춘동 559-22,37.40049177,126.6636112,20548.0,동춘1동
7743,테크노공원(송도7호),어린이공원,인천광역시 연수구 송도동 7-32,37.38544346,126.651069,4369.8,송도1동
7744,테크노파크(T.P.)확대조성단지 2호 소공원,소공원,인천광역시 연수구 송도동 176-4,37.37929858,126.6617767,5150.7,송도3동
7745,송도  16호 어린이공원,어린이공원,인천광역시 연수구 송도동 112-3,37.38162523,126.6321172,1499.7,송도4동
7746,송도  11호 어린이공원,어린이공원,인천광역시 연수구 송도동 16-14,37.39961709,126.6469166,2000.1,송도2동
7747,송도  17호 어린이공원,어린이공원,인천광역시 연수구 송도동 30-7,37.39685789,126.6300329,8838.4,송도4동
7748,송도  14호 어린이공원,어린이공원,인천광역시 연수구 송도동 100-1,37.38789642,126.631432,1500.3,송도4동
7749,송도  10호 어린이공원,어린이공원,인천광역시 연수구 송도동 16-5,37.40253015,126.642605,1999.9,송도2동
7750,동곡공원,어린이공원,인천광역시 연수구 동춘동 56,37.41591466,126.6724399,6217.0,동춘1동
7751,별빛공원,근린공원,인천광역시 연수구 선학동 210-4,37.42901005,126.6985718,34518.0,선학동
7752,소리공원(송도26호공원),근린공원,인천광역시 연수구 송도동 10-35,37.38063187,126.6401227,1179180.0,송도1동
7753,첨단산업클러스터단지(B) 4호 근린공원,근린공원,인천광역시 연수구 송도동 187-6,37.37416967,126.6713793,3643650.0,송도3동
7754,물푸레공원(청학6호),소공원,인천광역시 연수구 청학동 101-2,37.424822,126.6600932,309.1,청학동
7755,동춘4공원,어린이공원,인천광역시 연수구 동춘동 1147-2,37.40256971,126.6668787,168150.0,동춘1동
7756,동춘3공원,어린이공원,인천광역시 연수구 동춘동 1136-2,37.40836368,126.6655132,150020.0,동춘1동
7757,동춘2근린공원,근린공원,인천광역시 연수구 동춘동 1145,37.40484473,126.6669928,10501.7,동춘1동
7758,동춘1근린공원,근린공원,인천광역시 연수구 동춘동 1132,37.40701685,126.6645954,10853.1,동춘1동
7759,동춘5공원,소공원,인천광역시 연수구 동춘동 1147-1,37.40277417,126.6664903,475.7,동춘1동
7760,청학사거리공원,소공원,인천광역시 연수구 청학동 504-6,37.42575623,126.6687481,1334.3,청학동
7880,물빛공원,기타공원,서울특별시 은평구 갈현동 397,37.618962,126.9211621,2051.0,갈현1동
7881,평화공원,기타공원,서울특별시 은평구 녹번동 153-1,37.60514883,126.9230105,5700.1,녹번동
7882,오손길마을마당,기타공원,서울특별시 은평구 응암동 365-30,37.59187252,126.9182665,139.0,응암2동
7883,신사동2동 공공공지,기타공원,서울특별시 은평구 신사동2동 163-51,37.593894,126.908112,1848.0,신사2동
7884,팜스퀘어 소공원,기타공원,서울특별시 은평구 대조동 240-3,37.60909022,126.9293777,268.8,대조동
7886,구산초교앞마을마당,기타공원,서울특별시 은평구 구산동 153-2,37.61180436,126.9100287,135.0,구산동
7887,구산동마을공원확대,기타공원,서울특별시 은평구 구산동 345-6,37.61489305,126.90778,157.0,구산동
7888,구산동청사앞소공원,기타공원,서울특별시 은평구 구산동 27-7,37.61147972,126.9102565,335.9,구산동
7889,연신초교옆마을마당,기타공원,서울특별시 은평구 불광동3동 69,37.610501,126.918888,711.0,대조동
7890,녹번동마을마당,기타공원,서울특별시 은평구 녹번동 104-7,37.60609317,126.9276124,754.0,녹번동
7891,구현초교 앞마을마당,기타공원,서울특별시 은평구 구산동 산41-19,37.60939358,126.9065788,541.0,구산동
7892,응암동3동마을마당,기타공원,서울특별시 은평구 응암동3동 337-52,37.605954,126.927616,518.0,녹번동
7893,도원극장옆마을마당,기타공원,서울특별시 은평구 녹번동 74-5,37.60153016,126.9299051,48.8,녹번동
7894,구산동마을공원,기타공원,서울특별시 은평구 구산동 340-1,37.61452363,126.9084083,2811.0,구산동
7895,연천초교앞마을마당,기타공원,서울특별시 은평구 불광동2 137-5,37.605192,126.923387,347.0,녹번동
7896,대조동동청사옆마을마당,기타공원,서울특별시 은평구 대조동 214-8,37.6140950189,126.9205228107,130.3,대조동
7897,불광동3동마을숲마을마당,기타공원,서울특별시 은평구 불광동3 480-181,37.587015,126.923141,807.0,응암2동
7898,응암동1동마을마당,기타공원,서울특별시 은평구 응암동 97-17,37.5999422399,126.9260052727,635.3,응암1동
7899,역촌동2동마을마당,기타공원,서울특별시 은평구 역촌동2 62-21,37.616903,126.928972,395.7,불광1동
7900,신사동2동마을마당,기타공원,서울특별시 은평구 신사동 200-170,37.5939694853,126.9081273695,175.0,신사2동
7901,갈현동동마을마당,기타공원,서울특별시 은평구 갈현동 526-6,37.6150266573,126.9103380165,249.9,갈현2동
7902,역촌동동마을마당,기타공원,서울특별시 은평구 역촌동 2-108,37.6083933611,126.9195025064,230.1,역촌동
7903,불광동마을마당,기타공원,서울특별시 은평구 불광동 331-106,37.6187497849,126.9271211628,324.0,불광1동
7904,자투리(신사동)마을마당,기타공원,서울특별시 은평구 신사동2 300-153,37.618267,126.932812,236.0,불광1동
7905,자투리(녹번동)마을마당,기타공원,서울특별시 은평구 녹번동 103-23,37.6059128125,126.9269063415,165.0,녹번동
7906,대조동마을마당,기타공원,서울특별시 은평구 대조동 48-42,37.6105410983,126.9189024344,183.5,대조동
7907,신사동마을마당,기타공원,서울특별시 은평구 불광동1 247,37.594385,126.908643,203.0,신사2동
7908,구산마을마당,기타공원,서울특별시 은평구 구산 산173-23,37.595561,126.904347,387.0,신사2동
7909,불광동위령탑마을마당,기타공원,서울특별시 은평구 불광동1 247-4,37.61362,126.929777,940.0,불광1동
7911,제각말문화공원 (은평뉴타운제2호 문화공원),주제공원,서울특별시 은평구 진관동 135-26,37.63995171,126.9373541,55721.8,진관동
7912,금암문화공원 (은평뉴타운제1호문화공원),주제공원,서울특별시 은평구 진관동 53-5,37.624806,126.92741,6857.1,불광2동
7913,은평마루소공원,소공원,서울특별시 은평구 응암동 769-4,37.60089001,126.9321475,1059.1,응암1동
7914,해바람소공원,소공원,서울특별시 은평구 응암동 768-1,37.59635485,126.9206968,3230.3,응암2동
7915,DMC소공원,소공원,서울특별시 은평구 수색동 418-3,37.58214214,126.9007693,925.5,수색동
7916,수색4구역 소공원,소공원,서울특별시 은평구 수색동 417-2,37.58399038,126.8933975,3571.5,수색동
7917,녹번동산들바람소공원,소공원,서울특별시 은평구 녹번동 283-7,37.60404782,126.9355487,5804.2,녹번동
7918,풋나무골소공원,소공원,서울특별시 은평구 신사동372-1,37.59850902,126.9078699,782.6,신사1동
7919,한옥마을소공원,소공원,서울특별시 은평구 진관동 211-34,37.64264507,126.9396138,58.7,진관동
7920,잿말소공원,소공원,서울특별시 은평구 진관동 195-16,37.64149246,126.9390162,245.1,진관동
7921,폭포동소공원,소공원,서울특별시 은평구 진관동 158-14일원,37.637075,126.916493,1087.8,진관동
7922,놀뫼소공원,소공원,서울특별시 은평구 응암동 762-4,37.59853895,126.9258631,1641.6,응암1동
7923,아미산자락소공원,소공원,서울특별시 은평구 불광동 643-3,37.61676413,126.9288671,3120.0,불광1동
7924,북한산풀잎소공원,소공원,서울특별시 은평구 불광동 638-3 일대,37.648497,126.929826,1919.0,진관동
7925,불광동3구역소공원,소공원,서울특별시 은평구 불광동641-1일대,37.648497,126.929826,7274.1,진관동
7926,노을,소공원,경기도 부천시 원미구 중동 1116-5,37.4949573,126.7788737,2000.3,중2동
7927,163호,소공원,경기도 부천시 원미구 약대동 208,37.51013546,126.770524,800.0,약대동
7929,꽃구지,어린이공원,"경기도 부천시 원미구 약대동 215,215-1",37.50980096,126.7746541,1700.0,약대동
7930,깊은샘,어린이공원,경기도 부천시 오정구 작동 417,37.50945881,126.8113446,1504.1,성곡동
7931,길주,근린공원,경기도 부천시 원미구 중동 1051-3,37.50811884,126.7726873,15365.4,중3동
7932,금강,어린이공원,경기도 부천시 원미구 중동 1029-2,37.5066649,126.7630642,5165.8,중4동
7933,구지,근린공원,경기도 부천시 원미구 상동 396,37.49186556,126.7538802,14490.8,상1동
7934,괴안체육,체육공원,경기도 부천시 소사구 괴안동 262,37.47622631,126.8110247,10143.2,괴안동
7935,고리울,어린이공원,경기도 부천시 오정구 고강동 389,37.52669874,126.8208159,3101.8,고강본동
7936,고라개,어린이공원,경기도 부천시 오정구 삼정동48-227,37.52696573,126.7720155,1883.4,신흥동
7937,고강취락,소공원,경기도 부천시 오정구 고강동 250-17,37.53177034,126.8227869,900.0,고강본동
7938,고강선사유적,근린공원,경기도 부천시 오정구 고강동 산90,37.52437653,126.81865,79965.0,고강본동
7939,계남,근린공원,경기도 부천시 원미구 중동 1030-2,37.50657956,126.7592023,15143.6,중4동
7940,가마골,어린이공원,경기도 부천시 오정구 여월동 297,37.51590027,126.8004156,6993.3,성곡동
7941,306호,근린공원,경기도 부천시 원미구 중동 788,37.48863335,126.7706577,11738.0,중동
7942,301호,어린이공원,경기도 부천시 오정구 내동 80,37.52055686,126.776273,628.2,신흥동
7943,300호,어린이공원,경기도 부천시 오정구 내동 359,37.52226008,126.7894539,604.7,신흥동
7944,299호,어린이공원,경기도 부천시 오정구 내동 54-3,37.5163915,126.7746023,847.5,신흥동
7945,고리울모퉁이,어린이공원,경기도 부천시 오정구 고강동 302-1,37.52245643,126.8122875,628.4,고강1동
7946,297호,어린이공원,경기도 부천시 소사구 송내동 670,37.48569595,126.7469322,499.0,송내1동
7947,송내철길,어린이공원,경기도 부천시 소사구 송내동 569-1,37.48505211,126.7736312,1257.1,송내2동
7948,송내연못,어린이공원,경기도 부천시 소사구 송내동 594-5,37.48161758,126.7728995,830.0,송내2동
7949,으뜸,어린이공원,경기도 부천시 원미구 도당동 214-6,37.51448452,126.7748681,499.0,약대동
7950,293호,어린이공원,경기도 부천시 원미구 역곡동 45-11,37.48473659,126.8063972,572.6,역곡2동
7951,여우,어린이공원,경기도 부천시 소사구 소사본동 212-6,37.47151701,126.7927479,501.8,소사본동
7952,유일한,어린이공원,경기도 부천시 소사구 소사본동 53,37.48228881,126.8018687,1274.5,소사본동
7953,아롱별,어린이공원,경기도 부천시 원미구 원미동 196-4,37.48991315,126.7876817,416.2,원미2동
7954,범박양지,체육공원,경기도 부천시 소사구 범박동 8-7,37.47315454,126.8155002,8970.0,범박동
7955,원미숲,소공원,경기도 부천시 원미구 원미동 39-5,37.50046531,126.7905179,1798.4,원미1동
7956,251호,소공원,경기도 부천시 소사구 심곡본동 820-3,37.47779151,126.7740213,1085.0,심곡본1동
7986,솔샘공원,어린이공원,인천광역시 연수구 청학동 570-11,37.423543,126.665338,1467.1,청학동
7987,선유공원,어린이공원,인천광역시 연수구 선학동 391,37.43001665,126.6966251,1505.5,선학동
7988,원도장공원,어린이공원,인천광역시 연수구 선학동 409-5,37.4241186,126.6967523,1500.0,선학동
7989,느티나무공원,어린이공원,인천광역시 연수구 선학동 403-14,37.426552,126.697011,1500.2,선학동
7990,청량공원,어린이공원,인천광역시 연수구 동춘동 923-4,37.41136066,126.6735479,8583.0,동춘3동
7991,동남공원,어린이공원,인천광역시 연수구 동춘동 943-1,37.40247251,126.6694709,3000.1,동춘2동
7992,풍림공원,어린이공원,인천광역시 연수구 동춘동 929-1,37.39948027,126.6718242,5137.9,동춘2동
7993,청은공원,어린이공원,인천광역시 연수구 동춘동 917-1,37.41340363,126.6726354,4337.2,동춘1동
7994,봉재공원,어린이공원,인천광역시 연수구 동춘동 940-1,37.40683307,126.667857,4915.4,동춘1동
7995,하나공원,어린이공원,인천광역시 연수구 청학동 465-1,37.4191238,126.6701747,6199.9,청학동
7996,첨단산업클러스터단지 2호 근린공원,근린공원,인천광역시 연수구 송도동 219-1,37.36163702,126.650388,22088.1,송도3동
7997,첨단산업클러스터단지 1호 근린공원,근린공원,인천광역시 연수구 송도동 217-2,37.362684,126.6497224,22029.1,송도3동
7998,송도33호공원,근린공원,인천광역시 연수구 송도동 80,37.39977537,126.6277112,39089.1,송도4동
7999,도담도담어린이공원(송도 15호 어린이공원),근린공원,인천광역시 연수구 송도동 116,37.38350683,126.6182251,33476.8,송도4동
8000,청룡공원,어린이공원,인천광역시 연수구 옥련동 산63-2,37.423492,126.6579566,5000.0,옥련1동
8001,송도  9호 어린이공원,어린이공원,인천광역시 연수구 송도동 9-30,37.378233,126.6489854,1500.2,송도1동
8002,송도  8호 어린이공원,어린이공원,인천광역시 연수구 송도동 9-8,37.3802555,126.645541,5593.5,송도1동
8003,새롬공원(송도27호),근린공원,인천광역시 연수구 송도동 11-10,37.37755303,126.641923,11778.2,송도1동
8004,새싹공원,어린이공원,인천광역시 연수구 옥련동 238-1,37.42617195,126.6491617,2362.0,옥련2동
8005,새터공원(송도6호),어린이공원,인천광역시 연수구 송도동 3-45,37.3882466,126.6592976,1500.1,송도1동
8006,도담공원(송도5호),어린이공원,인천광역시 연수구 송도동 2-13,37.39015256,126.6610995,1488.2,송도1동
8007,뱃놀이공원(송도4호),어린이공원,인천광역시 연수구 송도동 3-39,37.39082882,126.6550783,1499.7,송도1동
8008,파도놀이공원(송도3호),어린이공원,인천광역시 연수구 송도동 2-10,37.39269943,126.656993,1449.4,송도1동
8009,꽃마을공원(송도2호),어린이공원,인천광역시 연수구 송도동 3-11,37.39227517,126.6508774,1498.0,송도1동
8010,먼우금공원(송도1호),어린이공원,인천광역시 연수구 송도동 2-8,37.39431587,126.6543238,1499.8,송도1동
8011,국제화복합단지 1호 근린공원,근린공원,인천광역시 연수구 송도동 147,37.38816404,126.6680747,83541.5,송도3동
8012,국제화복합단지 4호 근린공원,근린공원,인천광역시 연수구 송도동 166,37.38147206,126.6658968,19350.3,송도3동
8013,국제화복합단지 3호 근린공원,근린공원,인천광역시 연수구 송도동 159-2,37.38287603,126.6637329,16357.8,송도3동
8014,뫼골문화공원,문화공원,인천광역시 부평구 산곡동 58-3,37.51388097,126.7007686,8599.0,청천1동
8015,맑은내생태공원,기타,인천광역시 부평구 청천동 68-17,37.51935166,126.6923933,201580.0,청천1동
8016,거북 2 공원,소공원,인천광역시 부평구 구산동 364,37.47564977,126.750329,1226.0,일신동
8017,거북 1 공원,소공원,인천광역시 부평구 구산동 368,37.47612698,126.7512234,1297.0,일신동
8018,꿈나무공원,어린이공원,인천광역시 부평구 부평동 948,37.50274849,126.7251051,2582.0,부평4동
8019,만월공원,어린이공원,인천광역시 부평구 부평동 산8-1,37.48402095,126.7280489,3179.0,부평6동
8020,하동놀이공원,어린이공원,인천광역시 부평구 십정동 304-4,37.47220088,126.6977239,1296.0,십정2동
8021,하정놀이공원,어린이공원,인천광역시 부평구 십정동 398-9,37.47376542,126.7010222,1500.0,십정2동
8022,수정놀이공원,어린이공원,인천광역시 부평구 십정동 388,37.47629319,126.7017789,1498.0,십정2동
8023,열우물놀이공원,어린이공원,인천광역시 부평구 십정동 280,37.4752229,126.6959847,1459.0,십정1동
8024,방죽놀이공원,어린이공원,인천광역시 부평구 십정동 356-6,37.47162574,126.6950089,1279.0,십정1동
8025,구산어린이공원,어린이공원,인천광역시 부평구 구산동 361,37.47562302,126.7486421,5473.0,일신동
8026,일신놀이공원,어린이공원,인천광역시 부평구 일신동 411,37.48283216,126.7418457,3049.0,일신동
8027,비둘기놀이공원,어린이공원,인천광역시 부평구 부개동 502-23,37.49643562,126.7377609,2403.0,부개2동
8028,새말놀이공원,어린이공원,인천광역시 부평구 부개동 501-4,37.49902687,126.7412278,3901.0,부개3동
8029,등세이놀이공원,어린이공원,인천광역시 부평구 부개동 500-5,37.49983348,126.7391195,2200.0,부개3동
8030,동소정놀이공원,어린이공원,인천광역시 부평구 부개동 499-5,37.50165922,126.7412273,1550.0,부개3동
8031,새울놀이공원,어린이공원,인천광역시 부평구 부개동 499-3,37.50340259,126.7406037,1800.0,부개3동
8032,개울놀이공원,어린이공원,인천광역시 부평구 부개동 498-3,37.50282159,126.7379889,2200.0,부개3동
8033,신궁동놀이공원,어린이공원,인천광역시 부평구 부개동 496-12,37.5046018,126.7393003,2551.0,부개3동
8034,세모공원,어린이공원,인천광역시 부평구 부개동 120-342,37.48933377,126.7386285,5140.0,부개2동
8035,부이어린이공원,어린이공원,인천광역시 부평구 부개동 514,37.49014369,126.7393634,5590.0,부개2동
8036,대동놀이공원,어린이공원,인천광역시 부평구 부개동 494-2,37.49014047,126.7406513,1629.0,부개2동
8037,마분놀이공원,어린이공원,인천광역시 부평구 부개동 331,37.48537713,126.7405375,1474.0,부개1동
8117,사랑샘공원,어린이공원,인천광역시 부평구 삼산동 496,37.52074798,126.7359252,4066.0,삼산1동
8118,무지개공원,어린이공원,인천광역시 부평구 삼산동 453-7,37.50886664,126.7360227,3395.0,삼산2동
8119,동심공원,어린이공원,인천광역시 부평구 삼산동 456-11,37.50957268,126.7421002,3169.0,삼산2동
8120,새싹공원,어린이공원,인천광역시 부평구 삼산동 448-9,37.51398326,126.7398045,4095.0,삼산2동
8121,여울공원,어린이공원,인천광역시 부평구 삼산동 445-7,37.51364399,126.7383779,5346.0,삼산2동
8122,햇살공원,어린이공원,인천광역시 부평구 삼산동 427-6,37.51621305,126.7330929,3338.0,삼산2동
8142,나래놀이공원,어린이공원,인천광역시 부평구 삼산동 393-3,37.51917191,126.7465599,913.0,삼산1동
8143,은행나무놀이공원,어린이공원,인천광역시 부평구 삼산동 393-6,37.51769328,126.7448241,1505.0,삼산1동
8144,도드리놀이공원,어린이공원,인천광역시 부평구 삼산동 391-4,37.52059312,126.745863,3239.0,삼산1동
8145,가족놀이공원,어린이공원,인천광역시 부평구 삼산동 389-7,37.52115142,126.7431421,1605.0,삼산1동
8146,동화놀이공원,어린이공원,인천광역시 부평구 삼산동 390-7,37.52250237,126.744854,1514.0,삼산1동
8147,상상놀이공원,어린이공원,인천광역시 부평구 삼산동 388-37,37.52003976,126.7424575,1507.0,삼산1동
8148,꿈동산놀이공원,어린이공원,인천광역시 부평구 삼산동 387-1,37.52309427,126.7407226,1693.0,삼산1동
8149,대갈놀이공원,어린이공원,인천광역시 부평구 갈산동 398,37.50761308,126.7304939,2113.0,갈산2동
8150,마당놀이공원,어린이공원,인천광역시 부평구 갈산동 389,37.50822326,126.727008,1783.0,갈산2동
8151,반월놀이공원,어린이공원,인천광역시 부평구 갈산동 369-1,37.51003336,126.7295167,2031.0,갈산2동
8152,대월놀이공원,어린이공원,인천광역시 부평구 갈산동 362-3,37.50940963,126.7226503,7724.0,갈산2동
8153,명월놀이공원,어린이공원,인천광역시 부평구 갈산동 366,37.51091571,126.7263831,2076.0,갈산2동
8154,새갈놀이공원,어린이공원,인천광역시 부평구 갈산동 359-1,37.51337322,126.7293285,2812.0,갈산2동
8155,상꾸지놀이공원,어린이공원,인천광역시 부평구 갈산동 361-2,37.51413902,126.7253535,3766.0,갈산2동
8156,갈월놀이공원,어린이공원,인천광역시 부평구 갈산동 180-7,37.51465657,126.7225174,1467.0,갈산1동
8157,신복공원,어린이공원,인천광역시 부평구 부평동 916,37.50482419,126.7319907,1651.0,부평5동
8158,중부동놀이공원,어린이공원,인천광역시 부평구 부평동 104-10,37.50069243,126.733251,4489.0,부평5동
8159,부흥놀이공원,어린이공원,인천광역시 부평구 부평동 178,37.49519131,126.7310497,3756.0,부평5동
8160,서부동놀이공원,어린이공원,인천광역시 부평구 부평동 546-105,37.49345831,126.7208608,1200.0,부평1동
8161,애향놀이공원,어린이공원,인천광역시 부평구 십정동 570-2,37.48121861,126.7105406,1653.0,부평3동
8162,샘터놀이공원,어린이공원,인천광역시 부평구 십정동 420,37.47073888,126.6999014,1500.0,십정2동
8163,석정놀이공원,어린이공원,인천광역시 부평구 십정동 445-4,37.46973782,126.6984724,1500.0,십정2동
8164,법성놀이공원,어린이공원,인천광역시 부평구 십정동 591,37.47485328,126.7049622,1653.0,십정2동
8165,약산놀이공원,어린이공원,인천광역시 부평구 십정동 587-5,37.47341408,126.7075683,1649.0,십정2동
8166,동암놀이공원,어린이공원,인천광역시 부평구 십정동 518-4,37.46981426,126.7040459,663.0,십정2동
8167,제일놀이공원,어린이공원,인천광역시 부평구 십정동 577,37.47756983,126.7082282,1649.0,부평3동
8168,신도어린이공원,어린이공원,경기도 남양주시 화도읍 마석우리 598-2,37.6604736,127.3055972,1552.0,화도읍
8169,부평1지구근린공원,근린공원,경기도 남양주시 진접읍 부평리 759,37.7393691,127.2023225,10026.0,진접읍
8170,부평1어린이공원,어린이공원,경기도 남양주시 진접읍 부평리 755,37.74150278,127.199637,1586.0,진접읍
8171,다산센트레빌 APT 어린이공원,어린이공원,경기도 남양주시 다산동 4436-3,37.60735593,127.154575,1500.0,다산1동
8172,임광그대가 어린이공원,어린이공원,경기도 남양주시 호평동 264-1,37.6628369,127.2493213,1811.0,호평동
8173,퇴계원 2지구 어린이공원,어린이공원,경기도 남양주시 퇴계원읍 퇴계원리 366-1,37.65835592,127.1468125,2354.0,퇴계원읍
8174,오남1지구 오남아이파크어린이공원,어린이공원,경기도 남양주시 오남읍 오남리 891-5,37.6966072,127.2012855,1524.0,오남읍
8175,덕소4호공원,어린이공원,경기도 남양주시 와부읍 덕소리 110-1,37.5859681,127.2166206,1750.0,와부읍
8176,양지어린이공원,어린이공원,경기도 남양주시 오남읍 양지리 807-5,37.6987771,127.1989011,1507.0,오남읍
8177,힐스테이트황금산 APT 소공원,소공원,경기도 남양주시 다산동 3720-2,37.6074695,127.1663634,2681.0,다산2동
8178,장현3어린이공원,어린이공원,경기도 남양주시 진접읍 장현리 710-6,37.7232914,127.1927287,2021.0,진접읍
8179,장현3어린이공원,어린이공원,경기도 남양주시 진접읍 장현리 710-2,37.726114,127.1937654,1900.0,진접읍
8180,진접1호해밀공원,어린이공원,경기도 남양주시 진접읍 금곡리 1084,37.71199895,127.1895491,5742.0,진접읍
8181,진접6호한빛공원,어린이공원,경기도 남양주시 진접읍 금곡리 985,37.7221182,127.2017407,4237.0,진접읍
8182,진접2호도담공원,어린이공원,경기도 남양주시 진접읍 금곡리 970,37.7192162,127.1915425,3702.0,진접읍
8183,진접3호늘찬공원,어린이공원,경기도 남양주시 진접읍 금곡리 1092,37.71490907,127.1962489,2877.0,진접읍
8184,진접7호숲속공원,어린이공원,경기도 남양주시 진접읍 금곡리 1119,37.7239485,127.2104548,2498.0,진접읍
8185,진접5호아쿠아키즈파크,어린이공원,경기도 남양주시 진접읍 금곡리 1037-18,37.719012,127.2016274,2157.0,진접읍
8186,진접4호솔빛공원,어린이공원,경기도 남양주시 진접읍 금곡리 1054-4,37.7164475,127.2028681,1538.0,진접읍
8187,장현4어린이공원,어린이공원,경기도 남양주시 진접읍 장현리 90-2,37.73077783,127.1924898,1560.0,진접읍
8188,바람근린공원,근린공원,"경기도 남양주시 다산동 758, 761, 762, 764",37.60380641,127.1540006,54416.0,다산2동
8189,가운택지 어린이공원,어린이공원,경기도 남양주시 다산동 751,37.59727068,127.1587666,3299.0,다산2동
8190,묵현2리어린이공원(물놀이장),어린이공원,경기도 남양주시 화도읍 묵현리 456-8,37.65770572,127.2739943,1587.0,화도읍
8191,오남2지구 어린이공원,어린이공원,경기도 남양주시 오남읍 오남리 732-1,37.69504965,127.2069476,4000.0,오남읍
8192,묵현2지구도시공사어린이공원,어린이공원,경기도 남양주시 화도읍 묵현리 95-8,37.6628496,127.2967637,1585.0,화도읍
8193,양지근린공원,근린공원,경기도 남양주시 오남읍 양지리 807-8,37.69879296,127.1945427,11257.0,오남읍
8194,도곡2호공원,어린이공원,경기도 남양주시 와부읍 도곡리 1092,37.5762227,127.2245209,1503.0,와부읍
8195,마석제2호어린이공원,어린이공원,경기도 남양주시 화도읍 마석우리 356,37.6592161,127.3041157,1687.0,화도읍
8224,연의,근린공원,서울특별시 양천구 신정3동 1320-9외 6필지,37.514067,126.830401,37520.0,신정3동
8225,창천,근린공원,서울특별시 서대문구 창천동 4-55,37.5578737345,126.9402803289,6322.0,신촌동
8226,중앙,근린공원,서울특별시 서대문구 북가좌동 480,37.57514307,126.9133826,15466.0,북가좌1동
8227,복주산,근린공원,서울특별시 서대문구 북아현동176-25,37.574878,126.913075,11430.0,북가좌1동
8228,백련,근린공원,서울특별시 서대문구 홍은동 산11-313,37.59062231,126.9333664,993724.0,홍은2동
8229,독립,근린공원,서울특별시 서대문구 현저동 101,37.57460851,126.9556118,113021.7,천연동
8230,궁동,근린공원,서울특별시 서대문구 연희동 산118-1,37.56861286,126.9196524,126026.0,연희동
8470,새장골어린이공원,어린이공원,서울특별시 은평구 불광동 444-1,37.6251324246,126.9261927814,992.0,불광2동
8471,서갈현동어린이공원,어린이공원,서울특별시 은평구 갈현동 434-38,37.621374693,126.9157238232,1532.2,갈현1동
8472,분토골어린이공원,어린이공원,서울특별시 은평구 증산동 163-34,37.5868335149,126.9118763633,996.0,증산동
8473,호연어린이공원,어린이공원,서울특별시 은평구 녹번동 95-44,37.6054842139,126.9310602386,528.0,녹번동
8474,새락골어린이공원,어린이공원,서울특별시 은평구 신사동 5-21,37.5989547732,126.911325089,994.0,신사1동
8475,갈곡리어린이공원,어린이공원,서울특별시 은평구 갈현동 436-51,37.6238888205,126.9166300329,1738.7,갈현1동
8476,좌월어린이공원,어린이공원,서울특별시 은평구 갈현동 513-1,37.6173167517,126.9133097585,1398.3,갈현2동
8477,박석어린이공원,어린이공원,서울특별시 은평구 갈현동 416-3,37.6250844333,126.9184395729,856.9,갈현1동
8478,궁말어린이공원,어린이공원,서울특별시 은평구 갈현동 327-21,37.6168849263,126.9089400905,1190.0,갈현2동
8479,길마어린이공원,어린이공원,서울특별시 은평구 갈현동 474-1,37.614801423,126.915691147,1596.7,갈현2동
8480,대조동어린이공원,어린이공원,서울특별시 은평구 대조동 212,37.6153707638,126.9195726307,4176.9,대조동
8481,인조유기비어린이공원,어린이공원,서울특별시 은평구 역촌동 8-11,37.6086839075,126.9165280095,1256.9,역촌동
8482,역말어린이공원,어린이공원,서울특별시 은평구 역촌동 47-1,37.6069167334,126.9142523563,966.3,역촌동
8483,역마을어린이공원,어린이공원,서울특별시 은평구 역촌동 39-2,37.6011831707,126.9186750578,949.1,역촌동
8484,연서어린이공원,어린이공원,서울특별시 은평구 역촌동 32-36,37.604138638,126.9166648762,956.0,역촌동
8485,시루메어린이공원,어린이공원,서울특별시 은평구 증산동 185-1,37.583033644,126.9065733201,999.6,증산동
8486,포수동어린이공원,어린이공원,서울특별시 은평구 응암동 115-25,37.5981006364,126.9195000672,987.8,응암1동
8487,참다래어린이공원,어린이공원,서울특별시 은평구 응암동 120-22,37.5952985005,126.9173370393,954.4,응암3동
8488,신록어린이공원,어린이공원,서울특별시 은평구 녹번동 20-6,37.6051629284,126.9382116719,469.0,녹번동
8489,응암동어린이공원,어린이공원,서울특별시 은평구 응암동 85-41,37.6017212431,126.9235285369,992.1,응암1동
8490,새록어린이공원,어린이공원,서울특별시 은평구 녹번동 158-1,37.6039347476,126.9238721266,956.0,녹번동
8620,무궁화,어린이공원,서울특별시 금천구 독산동 378-291,37.46442655,126.9044106,1336.0,독산2동
8621,옥계,어린이공원,서울특별시 금천구 독산동 1067-9,37.460149,126.900302,1058.6,독산2동
8622,무지개,어린이공원,서울특별시 금천구 독산동 1063-14,37.46282267,126.9009392,972.1,독산2동
8623,푸른골,어린이공원,서울특별시 금천구 독산동 1038-9,37.466546,126.9032037,977.3,독산2동
8624,다람쥐,어린이공원,서울특별시 금천구 독산동 999-11,37.46824515,126.8908193,1019.6,독산1동
8625,두산,어린이공원,서울특별시 금천구 독산동 298-1,37.47303262,126.8942618,974.9,독산1동
8626,철쭉,어린이공원,서울특별시 금천구 독산동 1112,37.45288913,126.8896337,1501.6,독산1동
8627,파랑새,어린이공원,서울특별시 금천구 독산동 1095-1,37.454889,126.8888743,1500.0,독산1동
8628,참새,어린이공원,서울특별시 금천구 독산동 1088-2,37.45695474,126.8871937,1500.1,독산1동
8629,골말,어린이공원,서울특별시 금천구 가산동 28-2,37.482876,126.884528,1485.0,가산동
8630,무아래,어린이공원,서울특별시 금천구 가산동 234-29,37.473337,126.893278,1162.6,가산동
8631,조마,어린이공원,서울특별시 금천구 가산동 148-11,37.47561479,126.8955477,1003.0,가산동
8632,금천폭포공원,근린공원,서울특별시 금천구 시흥동 937-2,37.44639673,126.9044447,4835.2,시흥3동
8633,독산근린공원,근린공원,서울특별시 금천구 독산동 1086,37.46327361,126.8849344,18005.5,독산1동
8634,독산자연공원,근린공원,서울특별시 금천구 독산동 산89-5,37.47348901,126.9072777,7650.0,독산3동
8635,삼성산시민휴식공원,근린공원,서울특별시 금천구 시흥동 산116,37.454747,126.9100496,10118.0,시흥5동
8636,금천체육공원,근린공원,서울특별시 금천구 독산동 산118-4,37.468313,126.908522,18083.0,독산4동
8637,산기슭공원,근린공원,서울특별시 금천구 시흥동 산138-3,37.46364031,126.9076165,8412.0,시흥4동
8638,감로천생태공원,근린공원,서울특별시 금천구 독산동 373,37.46964774,126.9078499,15000.0,독산4동
8645,별내택지소공원2,소공원,경기도 남양주시 별내동 941-2,37.65518368,127.128043,3196.0,별내동
8678,별내택지 소공원1,소공원,경기도 남양주시 별내동 886,37.67491691,127.1336222,2027.0,별내동
8724,밤일제1소공원,소공원,경기도 광명시 하안동 871-10,37.453724,126.8606711262,521.0,하안1동
8747,무학봉,근린공원,서울특별시 성동구 하왕십리동 890-243,37.56123125,127.0259523,28843.0,왕십리2동
8748,달맞이,근린공원,서울특별시 성동구 금호동4가 산 27,37.5433496,127.0193024,63411.43,옥수동
8771,금동,어린이공원,서울특별시 성동구 금호동2가 1218,37.54942229,127.0256915,2591.0,금호2.3가동
8772,살구골,어린이공원,서울특별시 성동구 행당동 376-3,37.55573009,127.0335764,1573.9,행당2동
8773,도선,어린이공원,서울특별시 성동구 홍익동 370,37.56550468,127.031418,2332.5,왕십리도선동
8774,도장골,소공원,서울특별시 성동구 행당동 346-2,37.55480888,127.0273997,678.3,행당2동
8775,무지개,어린이공원,서울특별시 성동구 성수동2가 844,37.54157394,127.0534386,2143.0,성수2가1동
8776,보람,어린이공원,서울특별시 성동구 마장동 827,37.56613727,127.0381819,823.3,마장동
8777,상원,어린이공원,서울특별시 성동구 성수동1가 715-1,37.54753298,127.0483982,2636.0,성수1가2동
8778,응삼,어린이공원,서울특별시 성동구 응봉동 15-1,37.55433983,127.0348842,1646.7,응봉동
8779,미소,어린이공원,서울특별시 성동구 하왕십리동 1055,37.56051006,127.0235037,3411.0,왕십리2동
8780,송정,어린이공원,서울특별시 성동구 송정동 90-4,37.55519167,127.0703837,236.4,송정동
8781,서마장,어린이공원,서울특별시 성동구 마장동 450-67,37.57152303,127.0374347,350.3,마장동
8782,응봉개나리,어린이공원,서울특별시 성동구 응봉동 270,37.54866971,127.0318722,462.0,응봉동
8783,열림,어린이공원,서울특별시 성동구 성수2가1동 327-3,37.53962218,127.056782,198.0,성수2가1동
8784,아남,어린이공원,서울특별시 성동구 성수동2가 280-12,37.54732598,127.0646691,984.1,성수2가3동
8785,은행나무터,어린이공원,서울특별시 성동구 성수동2가 316-9,37.54369439,127.0537509,675.4,성수2가3동
8786,성삼,어린이공원,서울특별시 성동구 성수동2가 273-11,37.54195313,127.0606155,1812.2,성수2가3동
8787,마장,어린이공원,서울특별시 성동구 마장동 399-102,37.56233458,127.0415003,911.0,마장동
8788,사근,어린이공원,서울특별시 성동구 사근동 291-10,37.563417,127.0475948,496.0,사근동
8789,응봉새말,어린이공원,서울특별시 성동구 응봉동 228-23,37.55186593,127.035857,311.0,응봉동
8790,동마장,어린이공원,서울특별시 성동구 마장동 780-1,37.56622804,127.0456969,1090.9,마장동
8791,성원,어린이공원,서울특별시 성동구 성수동1가 13-21,37.55011556,127.0499031,982.5,성수1가2동
8792,성수,근린공원,서울특별시 성동구 성수동2가 302-25,37.54477086,127.0518411,5197.7,성수2가3동
8793,용답휴식,근린공원,서울특별시 성동구 용답동 128-3,37.56999106,127.0468202,6046.9,용답동
8794,금호,근린공원,서울특별시 성동구 금호동3가 1266,37.54904117,127.0190199,13467.8,금호2.3가동
8799,행당4구역,소공원,서울특별시 성동구 행당동 323-24,37.5555693,127.0320798,1235.0,행당2동
8800,하왕1-5구역,소공원,서울특별시 성동구 하왕십리동 1071-2,37.56007539,127.0241246,1451.1,왕십리2동
8801,트리마제,소공원,서울특별시 성동구 성수동1가 718,37.53923821,127.0446715,2762.8,성수1가1동
8802,직녀,어린이공원,서울특별시 성동구 하왕십리동 1070-5,37.5667467,127.0278177,1500.0,왕십리도선동
8803,견우,어린이공원,서울특별시 성동구 상왕십리동 816-3,37.5665905,127.0240825,1500.0,왕십리도선동
8804,푸른,어린이공원,서울특별시 성동구 금호동4가 235-3,37.54733277,127.0235968,1681.8,금호4가동
8805,청계꿈나무,어린이공원,서울특별시 성동구 하왕십리동 1068,37.56781934,127.0278905,1705.0,왕십리도선동
8806,뉴타운1구역,기타,서울특별시 성동구 하왕십리동 1066-1,37.56782502,127.0250536,2452.4,왕십리도선동
8807,뉴타운2구역,기타,서울특별시 성동구 상왕십리동 811-3,37.56782502,127.0250536,2517.0,왕십리도선동
8808,왕십리 KCC스위첸,소공원,서울특별시 성동구 하왕십리동 1002-1,37.56067856,127.0268748,1514.1,왕십리2동
8809,매봉,소공원,서울특별시 성동구 옥수동 561-1,37.54729549,127.0121475,2006.7,옥수동
8810,옥정,소공원,서울특별시 성동구 옥수동 562-1,37.5458337,127.0153489,711.76,옥수동
8811,금남,소공원,서울특별시 성동구 금호동3가 701,37.55054813,127.0213924,834.0,금호2.3가동
8812,금옥,소공원,서울특별시 성동구 금호동2가 1213,37.55306047,127.0214356,1230.0,금호2.3가동
8813,장미,소공원,서울특별시 성동구 송정동 107,37.5522684,127.0694222,485.4,송정동
8814,향림,소공원,서울특별시 성동구 성수동2가 289-28,37.54703666,127.0533154,987.8,성수2가3동
8815,청송,소공원,서울특별시 성동구 성수동2가 277-23,37.54599593,127.0587894,798.7,성수2가3동
8816,동부,소공원,서울특별시 성동구 성수동1가 656-1735,37.54524583,127.0474356,251.0,성수1가1동
8817,전관원,어린이공원,서울특별시 성동구 행당동 90-2,37.55467447,127.0404902,4760.0,사근동
8818,꽃재,어린이공원,서울특별시 성동구 하왕십리동 1069,37.56781934,127.0278897,2810.0,왕십리도선동
8819,논골새싹,어린이공원,서울특별시 성동구 행당동 347-2,37.55751131,127.0250458,2837.1,행당2동
8864,삼청,근린공원,서울특별시 성북구 성북동 산25-1,37.59555894,126.9864035,73.6,성북동
8865,북한산,근린공원,서울특별시 성북구 정릉동 산1-1,37.61906876,127.0054953,93472.9,정릉4동
8866,북악산,근린공원,서울특별시 성북구 성북동 산 25-1,37.59555894,126.9864035,87616.5,성북동
8867,상길례,문화공원,서울특별시 성북구 장위동 319-2,37.61972141,127.0453689,4090.2,장위3동
8868,도란도란,소공원,서울특별시 성북구 석관동 410-4,37.60567055,127.0653636,426.0,석관동
8869,돌이음,소공원,서울특별시 성북구 석관동 410-3,37.6069043,127.0652173,1103.4,석관동
8870,별빛누리,소공원,서울특별시 성북구 길음동 1287-3,37.60760199,127.0161349,949.0,정릉1동
8871,맑은소리,소공원,서울특별시 성북구 길음동 1288-11,37.61025298,127.0270613,2549.1,길음2동
8872,향기,어린이공원,서울특별시 성북구 상월곡동 101-6,37.6091215585,127.0447354027,1000.0,월곡2동
8873,햇살,어린이공원,서울특별시 성북구 상월곡동 97-37,37.60591304,127.0485162,300.0,월곡2동
8874,밤골,어린이공원,서울특별시 성북구 하월곡동 산2-140,37.607541,127.039921,600.0,월곡1동
8875,동산,어린이공원,서울특별시 성북구 하월곡동 96-78,37.60459386,127.034528,417.0,월곡1동
8876,배밭골,어린이공원,서울특별시 성북구 정릉동 895,37.60812583,126.9986863,263.0,정릉3동
8877,꿈나라,어린이공원,서울특별시 성북구 보문동7가 108-2,37.58029718,127.023018,1564.0,보문동
8878,범바위,어린이공원,서울특별시 성북구 안암동2가 140-3,37.58549036,127.0214092,1514.0,안암동
8879,삼선,어린이공원,서울특별시 성북구 삼선동1가 303,37.58323585,127.01039,10957.0,삼선동
8880,숭인,근린공원,서울특별시 성북구 보문동6가 458-4,37.58287311,127.0178911,5332.6,보문동
8881,아름드리,근린공원,서울특별시 성북구 하월곡동 225-2,37.60992341,127.037977,3782.0,월곡1동
8882,모랫말,근린공원,서울특별시 성북구 하월곡동 90-206,37.604825,127.032787,1740.0,월곡1동
8883,청량,근린공원,서울특별시 성북구 석관동 409,37.60635811,127.0539954,329290.0,석관동
8884,개운산,근린공원,서울특별시 성북구 돈암동 산 6-1,37.59720671,127.0257184,208618.0,돈암1동
8885,오동,근린공원,서울특별시 성북구 하월곡동 산2-1,37.61064628,127.0404131,233989.7,월곡1동
8886,동방,어린이공원,서울특별시 성북구 장위동 219-223,37.61664297,127.0435038,982.0,장위1동
8887,자주바위,어린이공원,서울특별시 성북구 보문동6가 458-3,37.58287149,127.0178925,1519.3,보문동
8888,정릉동,근린공원,서울특별시 성북구 정릉동 1021-2,37.61846189,127.0045308,5779.1,정릉4동
8889,길빛,근린공원,서울특별시 성북구 길음동 1288-12,37.60976006,127.0265188,146038.0,길음2동
8890,꿈빛,소공원,서울특별시 성북구 정릉동 1039,37.60224083,127.0116561,719.0,정릉2동
8891,되너미,소공원,서울특별시 성북구 돈암동 644-2,37.5992171,127.0137028,1069.0,돈암2동
8900,학골공원,어린이공원,인천광역시 미추홀구 학익동 693-3,37.43881223,126.6627419,1503.9,학익1동
8901,제운공원,어린이공원,인천광역시 미추홀구 학익동 686-11,37.438513,126.667366,2178.8,학익1동
8918,무지개근린공원,근린공원,경기도 용인시 수지구 죽전동 1180,37.33272621,127.1238583,21855.0,죽전1동
9214,돌마루,소공원,서울특별시 성북구 삼선동3가 116-1,37.5880187,127.012142,877.0,삼선동
9215,두레,소공원,서울특별시 성북구 길음동 1284-8,37.60655851,127.0176651,287.0,길음1동
9216,행복한,소공원,서울특별시 성북구 길음동 1284-13,37.60822513,127.0195532,1173.0,길음1동
9217,잔월,소공원,서울특별시 성북구 하월곡동 230-1,37.6040624,127.031506,481.0,길음2동
9218,길섶,소공원,서울특별시 성북구 길음동 1285-10,37.61057497,127.0186126,383.0,길음1동
9219,길음골,소공원,서울특별시 성북구 길음동 1285,37.60944177,127.0193237,1244.0,길음1동
9220,일신,어린이공원,서울특별시 성북구 종암동 134-8,37.59999069,127.0395876,950.0,종암동
9221,벌집,어린이공원,서울특별시 성북구 종암동 134-3,37.599625,127.0367262,1788.0,종암동
9222,아름,어린이공원,서울특별시 성북구 길음동 1284-1,37.60759757,127.0164324,2167.0,길음1동
9223,늘푸른,어린이공원,서울특별시 성북구 길음동 1284-14,37.60850569,127.0204223,1580.0,길음1동
9224,성북,근린공원,서울특별시 성북구 성북동 168-274,37.595122,127.0072875,69676.5,성북동
9225,옛시장,어린이공원,서울특별시 성북구 종암동 135-4,37.60232547,127.0339269,958.0,종암동
9226,고암,어린이공원,서울특별시 성북구 종암동 133-5,37.59998725,127.0318095,1449.0,종암동
9227,매화,어린이공원,서울특별시 성북구 돈암동 45-6,37.60011962,127.0207412,1595.0,돈암1동
9228,화랑,어린이공원,서울특별시 성북구 석관동 407-6,37.60715757,127.0547542,2213.0,석관동
9229,맑은숲,어린이공원,서울특별시 성북구 장위동 317-1,37.62144056,127.0463288,1601.0,장위3동
9230,동망봉,어린이공원,서울특별시 성북구 보문동3가 229-1,37.5838591,127.017073,6730.0,보문동
9231,솔숲,어린이공원,서울특별시 성북구 정릉동 170-10,37.60480863,127.014971,2922.0,정릉1동
9232,한울,어린이공원,서울특별시 성북구 정릉동 169-6,37.605709,127.013709,2675.0,정릉2동
9233,해맑은,어린이공원,서울특별시 성북구 길음동 591-17,37.6085186,127.020925,2089.0,길음1동
9234,솔향기,어린이공원,서울특별시 성북구 길음동 1190,37.608108,127.0213064,4031.0,길음1동
9235,종암,어린이공원,서울특별시 성북구 종암동 104-6,37.60012565,127.0372515,1514.0,종암동
9236,새소리,어린이공원,서울특별시 성북구 돈암동 626-2,37.600751,127.0254039,1371.0,돈암1동
9237,돌뫼,어린이공원,서울특별시 성북구 석관동 산1-77,37.60510034,127.0528072,350.0,석관동
9238,샛별,어린이공원,서울특별시 성북구 석관동 168-86,37.614016,127.0642987,1638.0,석관동
9239,능안 근린공원,근린공원,경기도 하남시 감일동 504,37.51009736,127.1529834,17308.0,감일동
9240,세미 근린공원,근린공원,경기도 하남시 풍산동 623,37.54575728,127.1950813,10705.0,미사3동
9241,벌말천 수변공원(수변2호공원),수변공원,경기도 하남시 감일동 536,37.51052186,127.1627976,34770.0,감일동
9242,초이산단 소공원,소공원,경기도 하남시 광암동 399-6,37.52872703,127.1728007,3444.0,초이동
9243,교회터소공원(소공원214),소공원,경기도 하남시 덕풍동 947-2,37.53947815,127.1974141,157.0,덕풍2동
9244,미사역사공원(일가기념관),역사공원,경기도 하남시 풍산동 468,37.5587997,127.1832271,6910.0,미사3동
9245,역사공원,역사공원,경기도 하남시 감이동 444,37.50826863,127.1555614,20653.0,감일동
9246,감일문화공원,문화공원,경기도 하남시 감이동 456,37.50794112,127.1598711,8298.0,감일동
9247,으뜸소공원,소공원,경기도 하남시 감일동 448-1,37.51047013,127.1515202,1298.0,감일동
9248,새소리근린공원(근린4호공원),근린공원,경기도 하남시 감이동 492,37.5031861,127.1669841,14170.0,감일동
9249,정림근린공원(근린2호공원),근린공원,경기도 하남시 감이동 469-1,37.50700655,127.1634932,12828.0,감일동
9250,위례근린공원9호,근린공원,경기도 하남시 학암동 674,37.47198165,127.161839,50778.0,위례동
9251,위례근린공원6호,근린공원,경기도 하남시 학암동 670,37.47611133,127.1499838,10052.0,위례동
9252,위례근린공원5호,근린공원,경기도 하남시 학암동 654-1,37.48171772,127.1481596,19977.0,위례동
9253,미사 한강 4호 공원,체육공원,경기도 하남시 선동 421-1,37.57784853,127.1884904,87532.0,미사2동
9254,미사호수공원,근린공원,경기도 하남시 망월동 1072,37.5630952064,127.1868428751,3919.0,미사1동
9255,미사 수변 13호 공원,수변공원,경기도 하남시 풍산동 584,37.5510559,127.1899443,9246.0,미사3동
9321,남대문로5가문화공원,문화공원,서울특별시 중구 남대문로5가 831-1,37.56472834,126.9869241,1576.2,명동
9337,미사 수변 12호 공원,수변공원,경기도 하남시 풍산동 538,37.55626589,127.1904409,21922.0,미사3동
9338,미사 수변 11호 공원,수변공원,경기도 하남시 망월동 1057,37.566033,127.1842461,2102.0,미사1동
9339,미사 수변 10호 공원,수변공원,경기도 하남시 망월동 1024,37.56882789,127.1828441,37680.0,미사2동
9340,문화공원 11호,문화공원,경기도 하남시 망월동 899-1,37.57294647,127.188595,1508.0,미사2동
9341,미사 한강 3호 공원,문화공원,경기도 하남시 선동 421,37.57979906,127.1872643,59145.0,미사2동
9342,미사 누리 2호 공원,근린공원,경기도 하남시 망월동 955,37.56761783,127.187303,53871.0,미사2동
9343,미사 누리 1호 공원,근린공원,경기도 하남시 망월동 838,37.57451938,127.1876226,33924.0,미사2동
9344,미사 숲 공원,근린공원,경기도 하남시 풍산동 537,37.55514407,127.1905257,167988.0,미사3동
9345,미사 한강 5호 공원,근린공원,경기도 하남시 망월동 832,37.57866668,127.1915726,91871.0,미사2동
9346,미사 한강 2호 공원,근린공원,경기도 하남시 선동 417,37.57676685,127.1807342,79419.0,미사2동
9347,미사 한강 1호 공원,근린공원,경기도 하남시 선동 413,37.57655745,127.1788434,80043.0,미사2동
9348,현안1지구 늘봄공원,어린이공원,경기도 하남시 풍산동 632,37.54427045,127.194271,1752.0,미사3동
9349,현안1지구 누리봄공원,어린이공원,경기도 하남시 풍산동 636,37.54294281,127.1941493,1853.0,미사3동
9350,나룰 공원,어린이공원,경기도 하남시 덕풍동 903,37.5563328,127.2050914,1033.0,덕풍3동
9351,실바람 공원,어린이공원,경기도 하남시 덕풍동 882,37.55712458,127.203937,2714.0,덕풍3동
9352,방탱이 공원,어린이공원,경기도 하남시 덕풍동 855,37.55832214,127.2024382,1519.0,덕풍3동
9353,꿈마루 공원,어린이공원,경기도 하남시 망월동 867,37.57534218,127.191302,1945.0,미사2동
9354,나룰 공원,소공원,경기도 하남시 덕풍동 903,37.5563328,127.2050914,1033.0,덕풍3동
9355,뜨락 3호 공원,소공원,경기도 하남시 덕풍동 929,37.55744153,127.201432,798.0,덕풍3동
9356,뜨락 2호 공원,소공원,경기도 하남시 덕풍동 924,37.55710428,127.2010714,1623.0,덕풍3동
9357,뜨락 1호 공원,소공원,경기도 하남시 덕풍동 921,37.55675767,127.2005004,603.0,덕풍3동
9358,미사 중앙초 공원,소공원,경기도 하남시 망월동 1178,37.55961878,127.1982417,5172.0,미사1동
9359,느티나무 공원,소공원,경기도 하남시 풍산동 484,37.55563836,127.1850578,5652.0,미사3동
9360,숲내음 공원,소공원,경기도 하남시 망월동 936,37.57067072,127.1923635,8464.0,미사2동
9361,초록숲 공원,소공원,경기도 하남시 선동 425,37.57516842,127.1857696,5369.0,미사2동
9362,달빛 공원,소공원,경기도 하남시 선동 444,37.57377827,127.1791051,6943.0,미사2동
9363,덕풍수변공원2,수변공원,경기도 하남시 신장동 600,37.5450126,127.2175878,10639.0,신장2동
9364,덕풍수변공원1,수변공원,경기도 하남시 신장동 596,37.54523599,127.2160641,9836.0,신장2동
9365,현안사업 2지구 문화공원,문화공원,경기도 하남시 덕풍동 694,37.54475416,127.2068381,31778.0,덕풍3동
9366,문화공원,문화공원,경기도 하남시 신장동 27,37.54654765,127.2205018,79371.0,신장2동
9390,토평공원,근린공원,경기도 구리시 토평동 990-1,37.58941296,127.1500238,15747.9,수택3동
9391,검배공원,근린공원,경기도 구리시 수택동 산2-27,37.59843633,127.1477274,39861.0,수택1동
9392,장자호수공원,근린공원,경기도 구리시 수택동 878,37.58524535,127.141773,45180.0,수택3동
9393,체육관근린공원,근린공원,경기도 구리시 교문동 산61-1,37.59551726,127.135685,26094.0,교문1동
9394,인창중앙공원,근린공원,경기도 구리시 인창동 309-2 일원,37.60590072,127.1361322,78093.0,인창동
9420,국제자매도시공원,근린공원,경기도 하남시 신장동 608,37.54448924,127.2213179,10052.0,신장2동
9421,신평어린이공원,어린이공원,경기도 하남시 신장동 594,37.54395999,127.2131206,12524.0,신장2동
9422,신평소공원,소공원,경기도 하남시 신장동 585,37.54377047,127.2113145,1425.0,신장2동
9423,문화소공원,소공원,경기도 하남시 신장동 575,37.54434562,127.2090768,4993.0,신장2동
9424,덕풍소공원(소공원209),소공원,경기도 하남시 덕풍동 산34-3,37.54560272,127.1984033,2695.0,덕풍3동
9425,덕풍근린공원,근린공원,경기도 하남시 덕풍동 435-202,37.5370066646,127.1975777898,99250.0,덕풍1동
9426,풍산지구근린4호,근린공원,경기도 하남시 덕풍동 823,37.54678459,127.2098866,17607.0,덕풍3동
9427,풍산지구근린3호,근린공원,경기도 하남시 덕풍동 739,37.55337669,127.2084378,101301.0,덕풍3동
9428,풍산지구근린2호,근린공원,경기도 하남시 덕풍동 776,37.55052835,127.2012278,16167.0,덕풍3동
9429,풍산지구근린1호,근린공원,경기도 하남시 덕풍동 730,37.5543847,127.2013921,22245.0,덕풍3동
9430,미사근린공원,근린공원,경기도 하남시 신장동 281,37.55362591,127.2132296,772590.0,신장2동
9431,창우근린공원,근린공원,경기도 하남시 창우동 538,37.53771863,127.2244033,10000.0,신장2동
9432,신장근린공원,근린공원,경기도 하남시 신장동 520-2,37.53787971,127.2143771,13912.0,신장2동
9433,풍산지구 어린이8호,어린이공원,경기도 하남시 덕풍동 815,37.54771867,127.2101297,1537.0,덕풍3동
9434,풍산지구 어린이7호,어린이공원,경기도 하남시 덕풍동 803,37.54855826,127.209193,4339.0,덕풍3동
9435,풍산지구 어린이6호,어린이공원,경기도 하남시 덕풍동 746,37.55159944,127.2108421,7235.0,덕풍3동
9436,풍산지구 어린이5호,어린이공원,경기도 하남시 덕풍동 743-2,37.55148919,127.2087956,1767.0,덕풍3동
9437,풍산지구 어린이4호,어린이공원,경기도 하남시 덕풍동 694-1,37.54546042,127.2060842,1661.0,덕풍3동
9438,풍산지구 어린이3호,어린이공원,경기도 하남시 덕풍동 719,37.55483256,127.2007147,1521.0,덕풍3동
9459,재넘이어린이공원,어린이공원,인천광역시 미추홀구 학익동 336-5일원,37.4472601,126.6606029,10187.0,학익2동
9460,용정공원,근린공원,인천광역시 미추홀구 용현동 615-1,37.450961,126.6419813,29552.0,용현5동
9461,학산공원,어린이공원,인천광역시 미추홀구 학익동 662,37.43888579,126.6747258,1182.9,학익2동
9462,염창공원,어린이공원,인천광역시 미추홀구 주안동 26-44,37.46640235,126.6764205,2105.3,주안5동
9463,지석공원,어린이공원,인천광역시 미추홀구 문학동 391-20,37.436416,126.684392,1800.3,문학동
9464,관청공원,어린이공원,인천광역시 미추홀구 문학동 336-6,37.43968751,126.680536,1485.6,문학동
9643,돌샘어린이공원,어린이공원,인천광역시 미추홀구 주안동 19-81,37.46839049,126.6867093,5853.5,주안5동
9644,한마음소공원,소공원,인천광역시 미추홀구 주안동 1562-1,37.45141721,126.692443,517.4,주안4동
9645,도담어린이공원,어린이공원,인천광역시 미추홀구 용현동 664-5,37.447073,126.642974,4577.9,용현5동
9646,다솜어린이공원,어린이공원,인천광역시 미추홀구 용현동 664-1,37.44765452,126.6458302,2572.8,용현5동
9647,화동공원,근린공원,인천광역시 미추홀구 도화동 1007-3,37.473048,126.664747,20176.0,도화2.3동
9648,매소홀어린이공원,어린이공원,인천광역시 미추홀구 학익동 738,37.44194456,126.654548,3006.9,학익1동
9649,학익공원,어린이공원,인천광역시 미추홀구 학익동 732-5,37.44357933,126.6571792,4611.3,학익1동
9650,사미공원,어린이공원,인천광역시 미추홀구 주안동 1418-93,37.45008774,126.6727097,1652.0,주안3동
9651,미니공원,어린이공원,인천광역시 미추홀구 주안동 1501,37.449139,126.6850056,1653.2,주안8동
9652,제2용정공원,근린공원,인천광역시 미추홀구 용현동 666,37.450679,126.642827,29246.0,용현5동
9653,용남공원,어린이공원,인천광역시 미추홀구 용현동 14,37.450646,126.666069,3439.3,용현1.4동
9654,쑥골공원,어린이공원,인천광역시 미추홀구 도화동 699-14,37.471253,126.669605,2378.8,도화2.3동
9655,한나루공원,어린이공원,인천광역시 미추홀구 학익동 721-5,37.440426,126.661866,2988.0,학익1동
9656,모리포공원,어린이공원,인천광역시 미추홀구 학익동 721-6,37.439959,126.659325,5589.7,학익1동
9707,향나무,어린이공원,서울특별시 송파구 거여동 293-2,37.48979171,127.1442044,1512.4,거여2동
9708,한샘,어린이공원,서울특별시 송파구 문정동 66,37.484765,127.1250089,1688.0,문정1동
9709,팔각정,어린이공원,서울특별시 송파구 가락본동 118,37.492637,127.124131,1497.5,가락본동
9710,투구봉,어린이공원,서울특별시 송파구 가락동 185,37.494001,127.135365,1502.9,가락2동
9711,큰바위,어린이공원,서울특별시 송파구 거여동 7,37.49811017,127.142529,1508.1,거여1동
9712,초록,어린이공원,서울특별시 송파구 마천동 360,37.495639,127.156954,343.9,마천1동
9713,천상,어린이공원,서울특별시 송파구 마천동 610,37.494277,127.1590674,12464.0,마천1동
9714,진달래,어린이공원,서울특별시 송파구 잠실본동 338,37.503675,127.086313,1738.1,잠실본동
9715,중대,어린이공원,서울특별시 송파구 송파동 188,37.499678,127.115427,1497.8,송파2동
9716,잔버들,어린이공원,서울특별시 송파구 거여동 135-46,37.497372,127.144299,303.0,거여1동
9717,임금샘,어린이공원,서울특별시 송파구 방이동 189,37.51120967,127.125048,1500.3,방이1동
9718,윗바람,어린이공원,서울특별시 송파구 풍납동 295-4,37.53437064,127.112122,291.0,풍납2동
9719,용마,어린이공원,서울특별시 송파구 마천동 45,37.49984042,127.148556,1500.3,마천2동
9720,오봉산,어린이공원,서울특별시 송파구 석촌동 162,37.50612827,127.1023092,1508.0,석촌동
9721,오동나무,어린이공원,서울특별시 송파구 오금동 84,37.506227,127.1339065,1500.0,오금동
9722,옛동산,어린이공원,서울특별시 송파구 방이동 121,37.50964937,127.115877,1266.3,방이2동
9723,영풍,어린이공원,서울특별시 송파구 거여동 16,37.49513234,127.142498,1500.4,거여1동
9724,어사,어린이공원,서울특별시 송파구 송파동 129,37.50731372,127.113002,1653.4,송파1동
9725,안산골,어린이공원,서울특별시 송파구 가락동 152-3,37.497609,127.1266918,1500.5,가락2동
9726,안골,어린이공원,서울특별시 송파구 오금동 66-12,37.502813,127.135319,1500.1,오금동
9727,아름,어린이공원,서울특별시 송파구 석촌동 289-3,37.50336748,127.107059,2338.7,석촌동
9728,아랫바람,어린이공원,서울특별시 송파구 풍납동 306-9,37.532301,127.112232,198.0,풍납2동
9729,아랫말,어린이공원,서울특별시 송파구 오금동 123-2,37.50486252,127.137384,1500.0,오금동
9730,수정,어린이공원,서울특별시 송파구 문정동 23-5,37.48892043,127.126227,1494.6,문정1동
9731,솔밭,어린이공원,서울특별시 송파구 방이동 214,37.509068,127.1236308,1500.1,방이1동
9732,솔바람,어린이공원,서울특별시 송파구 장지동 843-1,37.47884273,127.129415,1500.0,장지동
9733,섬굴,어린이공원,서울특별시 송파구 마천동 128-2,37.496925,127.149266,368.0,마천2동
9734,석촌,어린이공원,서울특별시 송파구 석촌동 27,37.505901,127.0998172,1638.4,석촌동
9735,샛팽이,어린이공원,서울특별시 송파구 가락동 170-6,37.496755,127.1339104,1500.7,가락2동
9747,다솜,어린이공원,경기도 부천시 소사구 소사본동 403-1,37.46734747,126.8001232,1500.0,소사본1동
9748,다산,어린이공원,경기도 부천시 소사구 송내동 371-2,37.4858079,126.7657029,1559.8,송내2동
9749,다복한,어린이공원,경기도 부천시 원미구 상동 558-1,37.50095098,126.7541505,2770.0,상2동
9750,누른말,근린공원,경기도 부천시 오정구 오정동 764,37.53082695,126.781213,11885.9,오정동
9751,넘말,어린이공원,경기도 부천시 원미구 중동 729,37.49516118,126.7622004,3124.0,중동
9752,내촌,어린이공원,"경기도 부천시 오정구 내동294, 295",37.52251493,126.784963,5105.3,신흥동
9753,내동,어린이공원,경기도 부천시 오정구 내동 309,37.52041091,126.7848622,4864.5,신흥동
9754,낙타,어린이공원,경기도 부천시 원미구 약대동 217-6,37.51482251,126.7671984,2784.2,약대동
9755,꿈자람,어린이공원,경기도 부천시 오정구 오정동 749,37.5331252,126.7866327,1720.7,오정동
9756,꿈빛,소공원,경기도 부천시 원미구 중동 1293-3,37.50848516,126.7752198,1700.4,약대동
9757,꿈마을,어린이공원,경기도 부천시 원미구 중동 1097-2,37.49874118,126.7819755,6837.5,중2동
9758,향   림,근린공원,서울특별시 은평구 진관동 산52,37.62933219,126.9273554,202993.0,진관동
9759,진  관,근린공원,서울특별시 은평구 진관동 산95 일대,37.61634,126.931455,585480.1,불광1동
9760,백  련,근린공원,서울특별시 은평구 응암동 산1-27,37.59941022,126.9357364,205090.9,응암1동
9761,불  광,근린공원,서울특별시 은평구 불광동 산33-1,37.62117415,126.9310166,118314.2,불광1동
9762,서오능,근린공원,서울특별시 은평구 진관동 산63-4,37.63840258,126.9138099,58509.5,진관동
9763,봉산,근린공원,서울특별시 은평구 구산동 산136-5,37.61720135,126.9032419,173394.2,구산동
9764,북한산,근린공원,서울특별시 은평구 불광동 산42-5,37.61129705,126.9400901,60789.0,불광1동
9765,응암동행복어린이공원,어린이공원,서울특별시 은평구 응암동764-2,37.58904802,126.9214351,3090.1,응암3동
9766,매바위어린이공원,어린이공원,서울특별시 은평구 응암동 767-1,37.59579569,126.9196114,4144.8,응암2동
9767,응암동새싹어린이공원,어린이공원,서울특별시 은평구 응암동 240-7,37.59302004,126.9221859,1602.0,응암2동
9768,양천리누리터 어린이공원,어린이공원,서울특별시 은평구 녹번동 281-4,37.60640813,126.9343765,5153.3,녹번동
9769,동화,어린이공원,경기도 부천시 원미구 도당동 59,37.52057124,126.7896871,3203.8,도당동
9770,동산,어린이공원,경기도 부천시 오정구 오정동 722,37.53040096,126.7845231,1529.0,오정동
9771,도원,어린이공원,경기도 부천시 소사구 심곡본동 808,37.47644535,126.7734359,1502.7,심곡본1동
9772,도요새,어린이공원,경기도 부천시 원미구 역곡동 115,37.48855054,126.8148803,2649.6,역곡1동
9773,도당,근린공원,경기도 부천시 원미구 도당동 산25-5,37.51704947,126.7931946,344615.0,도당동
9774,도담,어린이공원,경기도 부천시 원미구 중동 1291,37.48925488,126.769689,1463.0,중동
9775,덕유,어린이공원,경기도 부천시 원미구 중동 1040-1,37.50845545,126.7672912,6921.1,중3동
9776,덕산,어린이공원,경기도 부천시 오정구 오정동 114-7,37.52892218,126.7921401,6100.0,오정동
9777,달빛,근린공원,경기도 부천시 원미구 중동 1115,37.49634185,126.7792216,3788.6,중2동
9778,다정한,어린이공원,경기도 부천시 원미구 상동 500-7,37.51195992,126.7591652,2500.1,상3동
9906,새꿈어린이공원,어린이공원,서울특별시 용산구 동자동 8,37.552563,126.974476,1828.0,남영동
9907,이태원어린이공원,어린이공원,서울특별시 용산구 이태원동 286-1,37.538407,126.989041,2858.0,이태원2동
9908,동자어린이공원,어린이공원,서울특별시 용산구 동자동 24-11,37.55008633,126.973945,712.0,남영동
9909,청파문화공원,문화공원,서울특별시 용산구 서계동 226-3,37.553546,126.9682992,4296.4,청파동
9910,늘푸른어린이공원,어린이공원,서울특별시 용산구 원효로3가 1-139,37.53479369,126.956553,2300.0,원효로2동
9911,새나라어린이공원,어린이공원,서울특별시 용산구 후암동 190-1,37.548319,126.9763669,2340.0,후암동
9912,효창공원,근린공원,서울특별시 용산구 효창동 255,37.544278,126.959255,171277.0,효창동
9941,수누피공원,어린이공원,경기도 구리시 수택동 626-4,37.59401968,127.1449146,2857.0,수택2동
9942,안골공원,어린이공원,경기도 구리시 교문동 728,37.59820805,127.1315981,1524.0,교문1동
9943,갈매천공원,수변공원,경기도 구리시 갈매동 592 일원,37.640522,127.127748,50338.0,갈매동
9944,소공원(인창3),소공원,경기도 구리시 인창동 714-2,37.602669,127.1296221,1069.0,인창동
9945,소공원(교문3),소공원,경기도 구리시 교문동 358-9,37.59708883,127.130411,1335.0,교문1동
9946,소공원(돌섬),소공원,경기도 구리시 토평동 23-45,37.579951,127.155061,302.0,수택3동
9947,장자못공원,근린공원,경기도 구리시 교문동 593-1,37.58107068,127.1364976,237255.0,교문1동
9948,늘푸른공원,근린공원,경기도 구리시 인창동 674-2,37.604531,127.1448022,10000.0,동구동
9949,동구하늘공원,근린공원,경기도 구리시 인창동 669-1,37.6076938,127.1454042,949.8,동구동
9950,새우개공원,근린공원,"경기도 구리시 갈매동 669, 670",37.622675,127.109309,21177.8,갈매동
9951,산마루공원,근린공원,경기도 구리시 갈매동 657,37.628343,127.120737,33070.5,갈매동
9952,갈매중앙공원,근린공원,"경기도 구리시 갈매동 578, 580",37.63111074,127.118567,20722.5,갈매동
9953,협동공원,근린공원,"경기도 구리시 갈매동 551, 555",37.635548,127.126286,71426.8,갈매동
9972,덕고개공원,어린이공원,경기도 구리시 교문동 220,37.5989141,127.1331825,1651.0,교문1동
9973,포스코공원,어린이공원,경기도 구리시 인창동 713-2,37.60318749,127.1311763,2358.0,인창동
9974,왕산내뜰어린이공원,어린이공원,경기도 구리시 수택동 889,37.6027172,127.1473125,1903.0,수택1동
9975,공원(아치울2),어린이공원,경기도 구리시 아천동 353-10,37.57465468,127.1186927,1523.0,교문1동
9976,공원(백교2),어린이공원,경기도 구리시 교문동 667-4,37.58161904,127.1276101,1210.0,교문1동
9977,돌섬공원,어린이공원,경기도 구리시 토평동 23-50,37.57976438,127.155611,1587.0,수택3동
9978,탑골공원,어린이공원,경기도 구리시 갈매동 536,37.6379297,127.1232326,1507.0,갈매동
9979,삼환공원,어린이공원,경기도 구리시 인창동 667-2,37.60505626,127.1439918,1530.0,동구동
9980,금호공원,어린이공원,경기도 구리시 교문동 822,37.58575181,127.1341714,2321.0,교문2동
9981,오성공원,어린이공원,경기도 구리시 토평동 983,37.58914181,127.1471419,2111.0,수택3동
9982,개맥이공원,어린이공원,경기도 구리시 토평동 1004,37.59261996,127.1515648,3128.0,수택3동
9983,민벌공원,어린이공원,경기도 구리시 토평동 1010,37.5932476,127.1563305,1553.0,수택3동
9984,주공4단지2공원,어린이공원,경기도 구리시 인창동 666-5,37.60694053,127.143298,1506.0,동구동
9985,주공4단지1공원,어린이공원,경기도 구리시 인창동 666-4,37.60694053,127.143298,1585.0,동구동
9986,삼보2공원,어린이공원,경기도 구리시 인창동 665-3,37.60780795,127.1404967,1730.0,동구동
9987,주공2단지2공원,어린이공원,경기도 구리시 인창동 664-4,37.609241,127.1437257,1845.0,동구동
9988,주공2단지1공원,어린이공원,경기도 구리시 인창동 664-2,37.61069531,127.1407541,1741.0,동구동
9989,삼보1공원,어린이공원,경기도 구리시 인창동 665-2,37.607911,127.1410333,1592.0,동구동
9990,주공1단지,어린이공원,경기도 구리시 인창동 663-3,37.61053409,127.1397086,2905.0,동구동
9991,새싹공원,어린이공원,경기도 구리시 토평동 957,37.58719208,127.147062,2392.0,수택3동
9992,삼호공원,어린이공원,경기도 구리시 인창동 595,37.60281663,127.1365201,1500.0,인창동
9993,원일공원,어린이공원,경기도 구리시 인창동 693,37.61186183,127.1386002,1821.0,동구동
10043,보배,어린이공원,경기도 부천시 원미구 중동 1088,37.50183378,126.7810488,3766.7,중2동
10044,보람,어린이공원,경기도 부천시 원미구 중동 1172-2,37.49755703,126.75958,4622.9,중1동
10045,벌말,어린이공원,경기도 부천시 소사구 소사본동 408-4,37.47302371,126.8022154,1641.9,소사본1동
10046,벌막,근린공원,경기도 부천시 원미구 중동 1100-1,37.49539834,126.7802607,12659.0,중2동
10047,버들,근린공원,경기도 부천시 소사구 옥길동 752-1,37.46105888,126.8255451,93233.7,옥길동
10048,백송마을,어린이공원,경기도 부천시 원미구 상동 571-6,37.4977531,126.7483605,2578.7,상2동
10049,백동단지,소공원,경기도 부천시 소사구 소사본동 425,37.47560403,126.7999202,1070.0,소사본1동
10050,반달,어린이공원,경기도 부천시 원미구 상동 398-1,37.49035314,126.7483671,4555.1,상1동
10051,바람모퉁이,어린이공원,경기도 부천시 오정구 작동 390,37.51204113,126.8076781,1888.7,성곡동
10052,바람개비,소공원,경기도 부천시 소사구 범박동 210,37.47338043,126.8122247,1741.1,범박동
10053,미소,소공원,경기도 부천시 소사구 옥길동 775-1,37.46682033,126.8131485,4368.4,범박동
10054,미리내,어린이공원,경기도 부천시 원미구 중동 1179-1,37.4995776,126.7722067,6710.2,중1동
10055,물모퉁이,소공원,경기도 부천시 소사구 옥길동 707-1,37.46954724,126.8190659,885.0,옥길동
10056,무지개,어린이공원,경기도 부천시 원미구 중동 1175-1,37.49759475,126.7642492,4364.7,중1동
10057,목일신,근린공원,경기도 부천시 소사구 괴안동 14-2,37.48138339,126.8182852,18899.0,역곡3동
10058,먼마루,어린이공원,경기도 부천시 오정구 원종동 269,37.52659869,126.8076181,3156.4,원종1동
10059,먹적골,어린이공원,경기도 부천시 원미구 심곡동 324,37.49087096,126.7732007,3285.2,심곡3동
10060,라일락,어린이공원,경기도 부천시 원미구 상동 525-5,37.51020081,126.7513637,2395.6,상3동
10061,뜰안,어린이공원,경기도 부천시 소사구 소사본동 411-8,37.47042339,126.8013098,2596.1,소사본1동
10062,뒷골취락,소공원,경기도 부천시 오정구 고강동 225-7,37.53452871,126.8187498,500.0,고강본동
10063,둥지,어린이공원,경기도 부천시 오정구 여월동 314,37.51035555,126.8025253,2644.3,성곡동
10064,두리,어린이공원,경기도 부천시 소사구 송내동 702-2,37.48494846,126.7513285,1859.3,송내1동
10069,성주,어린이공원,경기도 부천시 소사구 송내동 675,37.47817386,126.7699064,1986.9,송내2동
10070,성무정공원,근린공원,경기도 부천시 소사구 심곡본동 산2-29,37.47837495,126.7856866,137719.2,심곡본동
10071,성곡,어린이공원,경기도 부천시 오정구 작동 48-3,37.51772214,126.8162976,1650.5,성곡동
10072,설악,어린이공원,경기도 부천시 원미구 중동 1051-2,37.50870038,126.7706825,1520.2,중3동
10073,석천,근린공원,경기도 부천시 원미구 상동 416,37.49573044,126.7598453,23547.7,상동
10074,서촌말,어린이공원,경기도 부천시 소사구 송내동 688-1,37.48700751,126.7437418,1571.9,송내1동
10075,서촌,근린공원,경기도 부천시 원미구 상동 466,37.48824957,126.751048,16565.8,상1동
10076,샛별,어린이공원,경기도 부천시 원미구 중동 1072,37.50716881,126.7760795,4370.0,중3동
10077,새터,어린이공원,경기도 부천시 오정구 오정동 591,37.52656071,126.7838364,1423.9,오정동
10078,새싹,어린이공원,경기도 부천시 원미구 중동 1198,37.49289837,126.7705263,3369.9,중2동
10079,상산,어린이공원,경기도 부천시 오정구 삼정동 284,37.51875938,126.7678798,3216.0,신흥동
10080,상동호수,근린공원,경기도 부천시 원미구 상동 549,37.50612373,126.7441496,180130.3,상2동
10081,상동,어린이공원,경기도 부천시 원미구 상동 295,37.49041087,126.7610281,3248.4,상동
10082,살말,어린이공원,경기도 부천시 원미구 약대동 195,37.51178353,126.7674321,4230.0,약대동
10083,산우물,어린이공원,경기도 부천시 원미구 중동 899,37.48620645,126.7725923,3013.9,중동
10084,산새체육,체육공원,경기도 부천시 소사구 소사본동 산74-4,37.47390562,126.7894458,54396.7,소사본동
10085,산들역사,문화공원,경기도 부천시 소사구 옥길동 773,37.46266239,126.8138408,52761.5,옥길동
10086,산끝,어린이공원,경기도 부천시 소사구 송내동 409-4,37.48241547,126.756526,5309.5,송내1동
10087,산골,어린이공원,경기도 부천시 소사구 송내동 407,37.4816639,126.7598262,5965.0,송내1동
10088,사태말별빛,소공원,경기도 부천시 소사구 옥길동 712-3,37.46758816,126.8197004,4921.8,옥길동
10089,사루개,어린이공원,경기도 부천시 오정구 여월동 339,37.51079624,126.8068061,2572.7,성곡동
10090,사래울,어린이공원,경기도 부천시 원미구 역곡동 53-11,37.48617581,126.8082479,2640.6,역곡2동
10091,비둘기,어린이공원,경기도 부천시 원미구 심곡동 344-9,37.48825963,126.7750246,3260.9,심곡3동
10092,봄비,어린이공원,경기도 부천시 원미구 심곡동 103,37.49213703,126.7828788,1590.6,심곡1동
10093,복사골,근린공원,경기도 부천시 원미구 중동 1212,37.49314025,126.7759044,25783.1,중2동
10094,관선어린이공원,어린이공원,인천광역시 미추홀구 문학동 383-7,37.4378999,126.6874996,1610.6,문학동
10095,삼호어린이공원,어린이공원,인천광역시 미추홀구 문학동 360,37.4379952882,126.6803292,3933.3,문학동
10096,도천어린이공원,어린이공원,인천광역시 미추홀구 문학동 351-1,37.4388984316,126.6782673342,1800.0,문학동
10097,소성어린이공원,어린이공원,인천광역시 미추홀구 문학동 336-6,37.4396875091,126.680556,1486.8,문학동
10098,두리어린이공원,어린이공원,인천광역시 미추홀구 주안6동 923-3,37.4599969,126.6925976,1052.0,주안6동
10099,문학소공원,소공원,인천광역시 미추홀구 문학동 344-1,37.440082,126.683947,786.0,문학동
10100,하늘새어린이공원,어린이공원,인천광역시 미추홀구 주안동 1545-2번지 일원,37.4567026,126.6917549,6703.6,주안4동
10101,미추어린이공원,어린이공원,인천광역시 미추홀구 주안동 1681,37.4534077158,126.6791861847,3238.8,주안2동
10102,승기어린이공원,어린이공원,인천광역시 미추홀구 주안동 1680,37.4536293398,126.6743230754,8785.3,주안2동
10103,비랑이어린이공원,어린이공원,인천광역시 미추홀구 용현동 523-32,37.4564863,126.644077,1916.2,용현2동
10104,용마루어린이공원,어린이공원,인천광역시 미추홀구 용현동 692,37.4595096081,126.641241967,3784.9,용현2동
10105,주인공원,근린공원,인천광역시 미추홀구 숭의동 440-1,37.45811288,126.648439,29775.0,숭의2동
10106,아이그린공원,어린이공원,인천광역시 미추홀구 학익동 587-6,37.44334601,126.6470017,5284.0,학익1동
10107,용현도시농업공원,도시농업공원,인천광역시 미추홀구 용현동 627-509,37.446178,126.6417841,18540.0,용현5동
10108,꽃구름어린이공원,어린이공원,인천광역시 미추홀구 주안동 1666,37.4450796278,126.6735300352,1773.0,주안3동
10109,물방울어린이공원,어린이공원,인천광역시 미추홀구 주안동 1668,37.4449179436,126.6726131,2447.0,주안3동
10110,푸르름어린이공원,어린이공원,인천광역시 미추홀구 주안동 830-48,37.448105,126.672296,1980.0,주안3동
10111,석암어린이공원,어린이공원,인천광역시 미추홀구 주안동 1579-10,37.454458,126.6929048,2318.1,주안4동
10112,송림어린이공원,어린이공원,인천광역시 미추홀구 도화동 988,37.4763098817,126.6603724,3644.4,도화2.3동
10113,서화어린이공원,어린이공원,인천광역시 미추홀구 도화동 1003-2,37.4746683163,126.6621224935,5813.7,도화2.3동
10114,궁현어린이공원,어린이공원,인천광역시 미추홀구 도화동 987-3,37.4758787,126.6637398471,3441.3,도화2.3동
10115,배말근린공원,근린공원,인천광역시 미추홀구 도화동 994-1,37.47413782,126.6579618,14750.0,도화2.3동
10503,솔마루공원,어린이공원,인천광역시 동구 송현동 85-16,37.4761662,126.635502,4613.8,송현1.2동
10504,화수3공원,어린이공원,인천광역시 동구 화수동 7-7,37.48567321,126.6293667,411.5,화수2동
10505,만석공원,어린이공원,인천광역시 동구 만석동 43-14,37.48325962,126.6195363,4404.4,만석동
10506,수문통공원,어린이공원,인천광역시 동구 송현동 60,37.4801533,126.6359776,634.0,송현1.2동
10507,돌산공원,어린이공원,인천광역시 동구 송현동 1-173,37.48241465,126.642195,8111.0,송현3동
10508,궁현공원,어린이공원,인천광역시 동구 송림동 339-8,37.4808543,126.6501009,1354.8,송림6동
10509,창영공원,어린이공원,인천광역시 동구 창영동 21-15,37.47077768,126.6391049,1028.8,금창동
10510,화수13공원,어린이공원,인천광역시 동구 화평동 1-5,37.48044325,126.633242,415.8,화수2동
10511,대헌소공원,소공원,인천광역시 동구 송림동 37-103,37.4758896,126.6525897,1384.2,송림4동
10512,송희마을소공원,소공원,인천광역시 동구 송림동 2-26,37.47863824,126.6536746,698.2,송림4동
10513,만석소공원,소공원,인천광역시 동구 만석동 9-549,37.48518647,126.6243999,243.5,만석동
10514,괭이부리소공원,소공원,인천광역시 동구 만석동 7-16,37.4856259,126.6233374,366.6,만석동
10515,송현공원,근린공원,인천광역시 동구 송현동 163,37.47777345,126.639225,73323.7,송림1동
10516,인천교공원,근린공원,인천광역시 동구 송림동 318,37.47784433,126.6696185,94068.8,송림4동
10517,화도진공원,근린공원,인천광역시 동구 화수동 140-1,37.48148073,126.6283533,20830.0,화수1.화평동
10542,늘푸른,어린이공원,서울특별시 동작구 사당동 산32-76,37.48244858,126.9690493,1503.0,사당5동
10543,반달,어린이공원,서울특별시 동작구 사당동 233-12,37.48355007,126.967932,182.0,사당5동
10544,샛별,어린이공원,서울특별시 동작구 사당동 1144,37.48740186,126.965401,344.7,사당5동
10545,동작주차,근린공원,서울특별시 동작구 동작동 326외 1,37.503828,126.977294,42220.0,사당2동
10546,옹달샘,어린이공원,서울특별시 동작구 상도동 299-193,37.49518283,126.929617,445.0,상도3동
10547,새벽,어린이공원,서울특별시 동작구 상도동 335-141,37.50092249,126.930155,496.0,상도3동
10548,양지,어린이공원,서울특별시 동작구 사당동 316-37,37.4798868,126.974021,568.0,사당1동
10549,참새,어린이공원,서울특별시 동작구 대방동 414-29 외 5,37.498336,126.921885,2982.7,대방동
10550,토끼,어린이공원,서울특별시 동작구 사당동 1000-13,37.47817735,126.970241,821.7,사당4동
10551,동산,어린이공원,서울특별시 동작구 사당동 1000,37.47945513,126.9697982,466.1,사당4동
10552,꿈돌이,어린이공원,서울특별시 동작구 사당동 300-26,37.48033513,126.9699916,761.0,사당4동
10553,새싹,어린이공원,서울특별시 동작구 사당동 316-33,37.479905,126.973124,780.0,사당4동
10554,노루,어린이공원,서울특별시 동작구 사당동 316-23,37.48182555,126.974225,337.0,사당4동
10555,장미,어린이공원,서울특별시 동작구 상도동 380-2,37.49366825,126.936031,410.5,상도3동
10556,은하수,어린이공원,서울특별시 동작구 신대방동 492-222외 1,37.494528,126.912513,4726.0,신대방1동
10557,까치산,근린공원,서울특별시 동작구 흑석동141-2일대,37.51066813,126.9627656,384026.0,흑석동
10558,까치,어린이공원,서울특별시 동작구 사당동 1028-1,37.48053895,126.979537,1604.3,사당1동
10559,삼일,근린공원,서울특별시 동작구 사당동 산32,37.483419,126.966736,36660.0,사당5동
10560,별님,어린이공원,서울특별시 동작구 상도4동 211-415,37.498885,126.944953,259.0,상도4동
10561,해님,어린이공원,서울특별시 동작구 상도1동 424,37.5015852,126.951273,876.0,상도1동
10562,꿈동산,어린이공원,서울특별시 동작구 상도동 426,37.50336478,126.9543235,613.8,상도1동
10563,사육신,역사공원,서울특별시 동작구 노량진동 155-1,37.51345628,126.9494127,47832.0,노량진1동
10564,현충,근린공원,서울특별시 동작구 사당동 산24-17,37.48538566,126.9757312,1106402.2,사당3동
10565,용봉정,근린공원,"서울특별시 동작구 본동 산3-9일대, 흑석동 141-2일대",37.511663,126.958792,80804.2,노량진1동
10566,노량진,근린공원,서울특별시 동작구 노량진동 225-291,37.509371,126.943688,413203.0,노량진2동
10567,상도,근린공원,서울특별시 동작구 상도동 산75,37.49321807,126.9384079,359342.8,상도3동
10568,제비,어린이공원,서울특별시 동작구 대방동 362-11,37.506438,126.925844,1813.9,대방동
10891,미단시티 1호,근린공원,인천광역시 중구 운북동1279,37.5182364676,126.5359036,39204.0,영종동
10892,영종하늘도시 23호,소공원,인천광역시 중구 운서동 3115-4,37.48914132,126.4953889,706.0,운서2동
10893,영종하늘도시 22호,소공원,인천광역시 중구 운서동 3068-2,37.49386683,126.5007575,1239.0,운서2동
10894,영종하늘도시 21호,소공원,인천광역시 중구 운서동 3061-5,37.49589364,126.5017221,1256.0,운서2동
10895,영종하늘도시 20호,소공원,인천광역시 중구 운서동 3051-26,37.49740248,126.5026449,1508.0,운서2동
10896,영종하늘도시 19호,소공원,인천광역시 중구 운남동 1668-3,37.48294166,126.5216142,1429.0,영종동
10897,영종하늘도시 14호,소공원,인천광역시 중구 운서동 3118-6,37.48849543,126.4964822,1129.0,운서2동
10898,영종하늘도시 13호,소공원,인천광역시 중구 운서동 3045-1,37.4949557,126.4994313,1288.0,운서2동
10944,영종하늘도시 18호,소공원,인천광역시 중구 운남동 1727-29,37.4845999,126.5451334,475.0,영종동
10945,영종하늘도시 17호,소공원,인천광역시 중구 운남동 1733-36,37.4848069,126.5447632,1130.0,영종동
10946,영종하늘도시 16호,소공원,인천광역시 중구 운남동 1734-5,37.48552281,126.5431704,405.0,영종동
10947,영종하늘도시 15호,소공원,인천광역시 중구 운남동 1731-1,37.48413971,126.5421307,489.0,영종동
10948,영종하늘도시 10호,소공원,인천광역시 중구 운남동 1703-4,37.47712574,126.5274515,1014.0,영종동
10949,영종하늘도시 9호,소공원,인천광역시 중구 운남동 1700-2,37.47831713,126.5269758,913.0,영종동
10950,영종하늘도시 6호,소공원,인천광역시 중구 운남동 1696-6,37.47402974,126.5199439,1374.0,영종동
10951,미단시티 2호 공원,어린이공원,인천광역시 중구 운북동 1353-14,37.52690176,126.5025149,2022.0,영종동
10952,미단시티 13호,근린공원,인천광역시 중구 운북동 1353-2,37.530155785,126.5024906657,12774.0,영종동
10953,미단시티 12호,근린공원,인천광역시 중구 운북동 1366-7,37.5236555333,126.5098731075,37580.0,영종동
10954,미단시티 11호,근린공원,인천광역시 중구 운북동 1353-11,37.5258236836,126.5019474644,46718.0,영종동
10955,미단시티 10호,근린공원,인천광역시 중구 운북동 1352-7,37.5295477684,126.5060689186,13795.0,영종동
10956,미단시티 9호,근린공원,인천광역시 중구 운북동 1351-13,37.53124982,126.5063238,40277.0,영종동
10957,미단시티 2호,소공원,인천광역시 중구 운북동 1296,37.52716903,126.513794,2585.0,영종동
10958,미단시티 1호,소공원,인천광역시 중구 운북동 1278-4,37.5210282,126.5397227,8120.0,영종동
10959,미단시티 1호 공원,어린이공원,인천광역시 중구 운북동 1297-3,37.52658812,126.5139242,1519.0,영종동
10960,미단시티 8호,근린공원,인천광역시 중구 운북동 1265-5,37.52877363,126.5144327,65176.0,영종동
10961,미단시티 7호,근린공원,인천광역시 중구 운북동 1285-5,37.52345798,126.5172543,18301.0,영종동
10962,미단시티 6호,근린공원,인천광역시 중구 운북동 1275-1,37.5239628508,126.5199418887,10001.0,영종동
10963,미단시티 5호,근린공원,인천광역시 중구 운북동 1274-1,37.5246758536,126.5211357219,10678.0,영종동
10964,미단시티 4호,근린공원,인천광역시 중구 운북동 1273,37.5254995484,126.522546849,15940.0,영종동
10965,미단시티 3호,근린공원,인천광역시 중구 운북동 1270-3,37.5254472074,126.5242280054,44905.0,영종동
10966,미단시티 2호,근린공원,인천광역시 중구 운북동 1280-3,37.5170958263,126.5322437756,66408.0,영종동
10971,영종하늘도시 38호,근린공원,인천광역시 중구 운남동1649-1,37.48627044,126.5308996,54685.0,영종동
10972,영종하늘도시 37호,근린공원,인천광역시 중구 운남동 1722-84,37.4791058523,126.5336431875,28384.0,영종동
10973,영종하늘도시 36호,근린공원,인천광역시 중구 중산동 1926-19,37.49713743,126.5759112,10172.0,영종2동
10974,영종하늘도시 35호,근린공원,인천광역시 중구 운남동 1681-9,37.48016056,126.5091137,55128.0,영종동
10975,영종하늘도시 34호,근린공원,인천광역시 중구 운남동 1745-10,37.48208223,126.5404028,43514.0,영종동
10976,영종하늘도시 33호,근린공원,인천광역시 중구 중산동 1959-2,37.49219374,126.575593,8652.0,영종2동
10977,영종하늘도시 29호,근린공원,인천광역시 중구 운남동 1766-3,37.48825833,126.5468859,20127.0,영종1동
10978,영종하늘도시 27호,근린공원,인천광역시 중구 운서동3076-1,37.49449481,126.5079085,10926.0,운서2동
10979,영종하늘도시 22호,근린공원,인천광역시 중구 중산동 1938-39,37.49640288,126.578086,58404.0,영종2동
10980,영종하늘도시 21호,근린공원,인천광역시 중구 중산동 1935-13,37.49882536,126.5769702,19482.0,영종2동
10981,영종하늘도시 15호,근린공원,인천광역시 중구 중산동 1960-6,37.48569764,126.5643358,48505.0,영종1동
10982,영종하늘도시 14호,근린공원,인천광역시 중구 운남동 1690-14,37.48043144,126.5152632,43441.0,영종동
10983,영종하늘도시 11호,근린공원,인천광역시 중구 운남동 1654-3,37.48381815,126.5312884,97629.0,영종동
10984,영종하늘도시 10호,근린공원,인천광역시 중구 운남동 1697-4,37.47946052,126.5239245,13459.0,영종동
10985,영종하늘도시 8호,근린공원,인천광역시 중구 운남동 1604-3,37.47550762,126.508795,26615.0,영종동
10986,영종하늘도시 6호,근린공원,인천광역시 중구 운남동 1598-6,37.48180523,126.5047629,59927.0,영종동
10987,영종하늘도시 1호,근린공원,인천광역시 중구 운서동 3020-1,37.50036085,126.5012368,26063.0,운서2동
10988,마법의성공원,어린이공원,인천광역시 중구 중산동 1914-5,37.49702826,126.5702894,4347.0,영종2동
10989,동물의숲공원,어린이공원,인천광역시 중구 운남동 1696-3,37.47544577,126.5191944,3129.0,영종동
10990,날아라부메랑공원,어린이공원,인천광역시 중구 운남동 1764-6,37.48436623,126.5490243,1515.0,영종1동
10991,스파이더맨공원,어린이공원,인천광역시 중구 운서동 3076-3,37.49221122,126.5067019,2384.0,운서2동
10992,해저대탐험공원,어린이공원,인천광역시 중구 운남동 1643-1,37.4763299,126.5311004,2028.0,영종동
10993,나비의꿈공원,어린이공원,인천광역시 중구 운서동 3012-9,37.50184253,126.5031475,2292.0,운서2동
10994,영종하늘도시 26호,소공원,인천광역시 중구 중산동 1945,37.49363769,126.5790311,3062.0,영종2동
10995,신도림테크노,근린공원,서울특별시 구로구 구로동 3-33,37.50811753,126.8908707,10482.0,구로5동
10996,구로,근린공원,서울특별시 구로구 구로동 102,37.49748278,126.8896027,7901.0,구로5동
10997,봉화대,근린공원,서울특별시 구로구 천왕동 산13-1,37.48469858,126.8424192,60975.0,오류2동
10998,연지,근린공원,서울특별시 구로구 천왕동 274-2,37.47965771,126.8379653,44478.0,오류2동
10999,천왕(구),근린공원,서울특별시 구로구 천왕동 276,37.4764232,126.8417584,33677.0,오류2동
11000,천왕(시)(항골),근린공원,서울특별시 구로구 항동 147-2,37.47854975,126.8290997,52032.4,항동
11001,천왕(시)(천왕골),근린공원,서울특별시 구로구 천왕동 173,37.48261513,126.8337054,9908.0,오류2동
11002,개웅산,근린공원,서울특별시 구로구 개봉동 산53-3,37.48690364,126.8471261,411972.0,개봉3동
11003,계남,근린공원,서울특별시 구로구 고척동 산8,37.509285,126.850122,158814.0,고척2동
11004,고척,근린공원,서울특별시 구로구 고척동 산9-14,37.50658242,126.8532783,108120.0,고척2동
11005,온수(온수체육지구),근린공원,서울특별시 구로구 온수동 산10-4,37.49330391,126.8193736,17413.2,수궁동
11006,온수(온수골지구),근린공원,서울특별시 구로구 온수동 산4-25,37.4940823,126.821833,7985.3,수궁동
11007,온수(벽산지구),근린공원,서울특별시 구로구 온수동 9-44,37.49459859,126.8244691,26074.7,수궁동
11008,온수(궁동지구),근린공원,서울특별시 구로구 오류동 산4,37.49780089,126.8375987,868.0,오류1동
11009,온수(반달지구),근린공원,서울특별시 구로구 오류동 18-141,37.49947855,126.8418368,1529.2,오류1동
11010,온수(잣절지구),근린공원,서울특별시 구로구 개봉동 45-2,37.50199617,126.8397231,77320.6,개봉1동
11171,소담 소공원,소공원,경기도 부천시 소사구 송내동 317-1,37.48500939,126.7550131,1189.7,송내1동
11172,세치,어린이공원,경기도 부천시 소사구 소사본동 407-5,37.47290785,126.80526,2283.6,범박동
11173,성주산아이숲터,어린이공원,경기도 부천시 소사구 심곡본동 562-139,37.47889767,126.7842737,2316.0,심곡본동
11375,당산근린공원,근린공원,서울특별시 영등포구 당산동3가 385,37.52521794,126.8951468,11154.0,당산1동
11376,신길근린공원,근린공원,서울특별시 영등포구 신길동 341-3,37.501712,126.905408,19604.0,신길5동
11377,문래근린공원,근린공원,서울특별시 영등포구 문래동3가 66,37.517456,126.894267,23611.0,문래동
11378,자매근린공원,근린공원,서울특별시 영등포구 여의도동 56,37.5180209,126.9309951,16458.0,여의동
11379,신일어린이공원,어린이공원,서울특별시 영등포구 신길동 455-1,37.510022,126.9221917,173.0,신길1동
11401,문래소공원,소공원,서울특별시 영등포구 문래동6가 25-1,37.5197992,126.8869024,1954.0,문래동
11402,꿈에그린어린이공원,어린이공원,서울특별시 영등포구 신길동 4937-1,37.50300166,126.9088394,1619.0,신길5동
11403,중마루근린공원,근린공원,서울특별시 영등포구 영등포동2가 222,37.519919,126.911497,6456.0,영등포동
11404,영일어린이공원,어린이공원,서울특별시 영등포구 영등포동 647-3,37.51015183,126.903919,5413.0,영등포본동
11405,양평어린이공원,어린이공원,서울특별시 영등포구 양평동4가 301-7,37.538015,126.898077,2845.0,양평2동
11406,영등포근린공원,근린공원,서울특별시 영등포구 영등포동 582-3,37.516127,126.912126,61544.0,영등포본동
11407,양화폭포근린공원,근린공원,서울특별시 영등포구 양평동 153-2,37.53904364,126.8985934,10244.0,양평2동
11408,신우어린이공원,어린이공원,서울특별시 영등포구 대림동 657,37.503539,126.899081,3112.0,대림3동
11409,두암어린이공원,어린이공원,서울특별시 영등포구 대림동 715,37.49551276,126.897371,1477.0,대림3동
11410,동심어린이공원,어린이공원,서울특별시 영등포구 대림동 742,37.498712,126.897293,2820.0,대림3동
11411,원지어린이공원,어린이공원,서울특별시 영등포구 대림동 690,37.497618,126.899642,4845.0,대림3동
11412,서강어린이공원,어린이공원,서울특별시 영등포구 영등포동8가 28,37.5259219,126.905848,1797.0,영등포동
11413,조롱박어린이공원,어린이공원,서울특별시 영등포구 대림동 870,37.491332,126.903016,6969.0,대림1동
11414,고추말어린이공원,어린이공원,서울특별시 영등포구 도림동 23-1,37.511577,126.9070507,3071.0,도림동
11415,다사랑어린이공원,어린이공원,서울특별시 영등포구 대림동 703-6,37.492834,126.899215,1632.0,대림2동
11416,산성어린이공원,어린이공원,서울특별시 영등포구 대림동 752-60,37.49697742,126.902594,413.0,대림3동
11417,양남어린이공원,어린이공원,서울특별시 영등포구 양평동1가 205,37.523205,126.888303,1467.0,양평1동
11418,강마을어린이공원,어린이공원,서울특별시 영등포구 당산6가 10-7,37.532972,126.906681,3329.0,당산2동
11419,자유어린이공원,어린이공원,서울특별시 영등포구 여의도동 50-3,37.521353,126.937326,5385.0,여의동
11420,평화어린이공원,어린이공원,서울특별시 영등포구 여의도동 50-2,37.52135273,126.9373261,4595.0,여의동
11421,중앙어린이공원,어린이공원,서울특별시 영등포구 영등포동6가 65-1,37.52147175,126.9032729,3671.0,영등포동
11422,메낙골근린공원,근린공원,서울특별시 영등포구 신길동 4934-4,37.50701967,126.915244,17229.0,신길1동
11423,영신소공원,소공원,서울특별시 영등포구 당산동4가 99-1,37.528846,126.903737,396.0,당산2동
11424,꿈모아소공원,소공원,서울특별시 영등포구 문래동5가 67-2,37.51655014,126.8871262,1505.0,문래동
11425,당산나루소공원,소공원,서울특별시 영등포구 당산동5가 9-3,37.532814,126.900128,1279.0,당산2동
11426,이음소공원,소공원,서울특별시 영등포구 당산동4가 98-1,37.527424,126.902467,732.0,당산2동
11427,새말소공원,소공원,서울특별시 영등포구 당산동4가 85,37.531292,126.8975129,1642.0,당산2동
11428,도리미소공원,소공원,서울특별시 영등포구 도림동 821-3,37.509476,126.9021917,1859.0,도림동
11429,원두막소공원,소공원,서울특별시 영등포구 대림1동 1124-3,37.495012,126.903451,395.0,대림1동
11430,당산역소공원,소공원,서울특별시 영등포구 당산동5가 9-29,37.533517,126.900642,229.0,당산2동
11431,옹기종기소공원,소공원,서울특별시 영등포구 신길동 4955-3,37.504367,126.906022,1732.0,신길3동
11432,꽃담소공원,소공원,서울특별시 영등포구 당산동5가 4-23,37.53120144,126.900161,2582.0,당산2동
11433,달무리소공원,소공원,서울특별시 영등포구 문래동4가 68-1,37.513622,126.890546,1007.0,문래동
11434,해무리소공원,소공원,서울특별시 영등포구 문래동4가 67-1,37.514461,126.888327,1194.0,문래동
11454,연희,어린이공원,서울특별시 서대문구 연희동 446-182,37.5677222876,126.9214882989,661.0,연희동
11455,연서,어린이공원,서울특별시 서대문구 연희동 519-7,37.5721059849,126.9233003301,1582.0,연희동
11456,연남,어린이공원,서울특별시 서대문구 남가좌동 326-8,37.5782156974,126.9253082841,991.7,남가좌2동
11457,실락,어린이공원,서울특별시 서대문구 홍은동 455-4,37.5944983504,126.9433887336,17452.0,홍은1동
11458,신가,어린이공원,서울특별시 서대문구 북가좌동 318-1,37.58016375,126.908353,993.4,북가좌2동
11459,솟대,어린이공원,서울특별시 서대문구 남가좌동 379-3,37.5727336053,126.9128368305,1474.5,남가좌1동
11460,상암곡,어린이공원,서울특별시 서대문구 홍제동 322-72,37.5828752617,126.9422297501,294.0,홍제1동
11461,불천,어린이공원,서울특별시 서대문구 홍제동 287-121,37.59744131,126.9481431,2006.0,홍제3동
11462,북성,어린이공원,서울특별시 서대문구 북아현동 1013-4,37.5585348549,126.9516607774,2357.0,북아현동
11463,북가좌정원지구,어린이공원,서울특별시 서대문구 북가좌동 459-1,37.5797905714,126.9167807198,1869.0,북가좌2동
11464,백련,어린이공원,서울특별시 서대문구 홍은동 421-1,37.58227473,126.9240161,985.8,홍은2동
11465,바람산,어린이공원,서울특별시 서대문구 창천동 4-54,37.5582621538,126.9402043639,627.1,신촌동
11466,문화촌,어린이공원,서울특별시 서대문구 홍제동 277-82,37.5951282887,126.9473904482,1500.0,홍제3동
11467,모랫재,어린이공원,서울특별시 서대문구 홍제동 156-363,37.5829894311,126.9447011117,529.0,홍제1동
11468,모래내,어린이공원,서울특별시 서대문구 남가좌동 383-2,37.5723808424,126.9137261559,1766.3,남가좌1동
11469,명수,어린이공원,서울특별시 서대문구 북아현동 210-24,37.5600994286,126.9507472905,2269.0,북아현동
11470,동구물,어린이공원,서울특별시 서대문구 연희동 109-2,37.571358873,126.9280647177,275.0,연희동
11471,대궐재,어린이공원,서울특별시 서대문구 연희동 73-8,37.5740322749,126.9370980742,971.9,연희동
11472,다람쥐,어린이공원,서울특별시 서대문구 연희동 151-49,37.5760874892,126.934422808,595.0,연희동
11473,너른바위,어린이공원,서울특별시 서대문구 북아현동 216-37,37.576082,126.93442,2592.2,연희동
11474,남이마을,어린이공원,서울특별시 서대문구 남가좌동 368,37.57904267,126.9196433,1397.6,남가좌2동
11475,남가좌동,어린이공원,서울특별시 서대문구 남가좌동 224-114,37.579075,126.919683,4144.0,남가좌2동
11476,나비울,어린이공원,서울특별시 서대문구 북가좌동 475,37.5748096667,126.9096220861,6757.0,북가좌1동
11477,궁말,어린이공원,서울특별시 서대문구 연희동 86-3,37.5710871432,126.9336095869,886.9,연희동
11492,오순도순소공원,소공원,서울특별시 영등포구 신길동 336-317,37.504178,126.9067851,2650.0,신길5동
11493,라온소공원,소공원,서울특별시 영등포구 신길동 3403,37.502802,126.911686,2133.0,신길4동
11494,소예소공원,소공원,서울특별시 영등포구 신길동 3126,37.502528,126.912451,2361.0,신길6동
11495,도토리어린이공원,어린이공원,서울특별시 영등포구 대림동 1127-6,37.494598,126.9081926,2878.0,대림1동
11496,당찬어린이공원,어린이공원,서울특별시 영등포구 당산동5가 4-13,37.53003105,126.9015929,1587.0,당산2동
11497,어울숲근린공원,근린공원,서울특별시 영등포구 신길동 243-58,37.503954,126.9145992,13776.0,신길4동
11498,늘품어린이공원,어린이공원,서울특별시 영등포구 신길동 541,37.503015,126.920286,1981.0,신길7동
11499,정담소공원,소공원,서울특별시 영등포구 신길동 1980-1,37.50373971,126.9175044,1638.0,신길7동
11500,아크로타워 역사공원,역사공원,서울특별시 영등포구 영등포동7가 205-1,37.52257451,126.9077566,2962.0,영등포동
11501,아기자기소공원,소공원,서울특별시 영등포구 신길동 4945-1,37.504638,126.906631,1661.4,신길3동
11502,화담소공원,소공원,서울특별시 영등포구 신길동 4950-1,37.501274,126.9162891,1024.1,신길7동
11577,매화공원,어린이공원,인천광역시 중구 운서동 2743-2,37.50092289,126.4876078,1886.0,운서1동
11578,모란공원,어린이공원,인천광역시 중구 운서동 2705-2,37.4961381,126.4915469,2008.0,운서1동
11579,초롱공원,어린이공원,인천광역시 중구 운서동 2725-2,37.4994107,126.4893832,1758.0,운서1동
11580,앵두공원,어린이공원,인천광역시 중구 운서동 2652,37.50302273,126.4896082,2860.0,운서1동
11581,도원공원,어린이공원,인천광역시 중구 도원동 30-49,37.46710636,126.6381621,494.0,도원동
11582,율목공원,어린이공원,인천광역시 중구 율목동 244-1,37.47040288,126.6328233,9785.0,율목동
11583,자유공원,근린공원,인천광역시 중구 송학동 1가 11-1,37.47457949,126.6226894,68112.0,신포동
11605,자전거공원,어린이공원,인천광역시 중구 운서동 3052-6,37.49850897,126.5035312,1630.0,운서2동
11606,하늘체육공원,체육공원,인천광역시 중구 중산동 1878-3,37.48817317,126.5560402,60632.0,영종1동
11607,반길안공원,근린공원,인천광역시 중구 운남동 1680-3,37.47840641,126.5149274,14444.0,영종동
11608,새부리공원,근린공원,인천광역시 중구 운남동 1681-3,37.47968895,126.5129791,14967.0,영종동
11609,파크골프공원,근린공원,인천광역시 중구 중산동 1878-2,37.48978153,126.554357,16941.0,영종1동
11610,갯벌공원,근린공원,인천광역시 중구 운남동 1711-62,37.48255921,126.5370957,23259.0,영종동
11611,방죽공원,근린공원,인천광역시 중구 중산동 1958-7,37.49281711,126.5721494,17404.0,영종2동
11612,월촌공원,근린공원,인천광역시 중구 중산동 1912-1,37.50057434,126.5693242,45073.0,영종2동
11613,배곶공원,근린공원,인천광역시 중구 중산동 1887-16,37.49334972,126.5652165,19304.0,영종2동
11614,선사공원,근린공원,인천광역시 중구 중산동 1880-4,37.4951776,126.5549014,31629.0,영종2동
11615,구석말공원,근린공원,인천광역시 중구 중산동 1871-6,37.48564112,126.5526025,10085.0,영종1동
11616,안양골공원,근린공원,인천광역시 중구 운남동 1740-19,37.48359714,126.5450208,14543.0,영종동
11617,큰말공원,근린공원,인천광역시 중구 운남동 1680-4,37.4768762,126.5131651,10746.0,영종동
11618,운남제1호공원,근린공원,인천광역시 중구 운남동 1551,37.49088179,126.5310506,11065.0,영종동
11619,진달래공원,어린이공원,인천광역시 중구 운남동 1543,37.49209604,126.5283644,1500.0,영종동
11620,은방울공원,어린이공원,인천광역시 중구 운남동 1533,37.49232952,126.5310761,1501.0,영종동
11621,오가공원,어린이공원,인천광역시 중구 운남동 1508,37.49505197,126.5308652,1503.0,영종동
11622,큰말공원,어린이공원,인천광역시 중구 운서동 2915,37.48181912,126.5101199,2068.0,운서2동
11623,용샘공원,어린이공원,인천광역시 중구 운서동 2895-15,37.48459863,126.5122676,2805.0,운서2동
11624,눈돌공원,어린이공원,인천광역시 중구 운서동 2905,37.48422918,126.5090904,6166.0,운서2동
11625,뒷마루공원,근린공원,인천광역시 중구 운서동 2788-5,37.49145945,126.4876069,12500.0,운서1동
11626,앞마루공원,근린공원,인천광역시 중구 운서동 2787-4,37.49430175,126.4877598,13701.0,운서1동
11627,영마루공원,근린공원,인천광역시 중구 운서동 2709-1,37.49564134,126.4875425,60116.0,운서1동
11628,유수지공원,근린공원,인천광역시 중구 운서동 2746-4,37.49966379,126.480475,58961.0,운서1동
11629,창포공원,어린이공원,인천광역시 중구 운서동 2776-1,37.4923136,126.4844559,1523.0,운서1동
11630,나리공원,어린이공원,인천광역시 중구 운서동 2747-7,37.4978014,126.4834584,2000.0,운서1동
11631,영종하늘도시 12호,소공원,인천광역시 중구 운서동 3044-1,37.49509062,126.4982615,1410.0,운서2동
11632,영종하늘도시 11호,소공원,인천광역시 중구 운남동 1741-2,37.48247928,126.5421773,670.0,영종동
11633,영종하늘도시 8호,소공원,인천광역시 중구 운남동 1707-2,37.47564583,126.5228568,989.0,영종동
11634,영종하늘도시 5호,소공원,인천광역시 중구 운남동 1747-11,37.48280559,126.5458341,353.0,영종동
11635,영종하늘도시 3호,소공원,인천광역시 중구 운북동 1338-2,37.5055464,126.4992547,4517.0,영종동
11636,영종하늘도시 2호,소공원,인천광역시 중구 운남동 1660-1,37.48319647,126.5226911,1222.0,영종동
11637,영종하늘도시 1호,소공원,인천광역시 중구 운서동 3038-6,37.49567456,126.4999821,1230.0,운서2동
11638,비밀의벽공원,어린이공원,인천광역시 중구 중산동 1887-7,37.49405819,126.5700345,6077.0,영종2동
11639,옹달샘공원,어린이공원,인천광역시 중구 중산동 1903-9,37.49725951,126.5658659,6571.0,영종2동
11640,인디언공원,어린이공원,인천광역시 중구 중산동 1909-25,37.49926293,126.5673499,3323.0,영종2동
11641,크라켄공원,어린이공원,인천광역시 중구 운남동 1631-9,37.47154831,126.5206536,5805.0,영종동
11642,캐리비안해적공원,어린이공원,인천광역시 중구 운남동 1618-1,37.47173821,126.5156592,3555.0,영종동
11643,기린공원,어린이공원,인천광역시 중구 운남동 1657-36,37.482284,126.5254794,3400.0,영종동
11644,비행기공원,어린이공원,인천광역시 중구 운남동 1674-6,37.48083435,126.5184019,6247.0,영종동
11645,꽃대궐공원,어린이공원,인천광역시 중구 중산동 1894-15,37.49589133,126.5638693,1980.0,영종2동
11646,철새공원,어린이공원,인천광역시 중구 운남동 1757-7,37.48270765,126.5484128,2971.0,영종동
11647,갯벌놀이공원,어린이공원,인천광역시 중구 운남동 1750-12,37.48001373,126.5433825,2255.0,영종동
11648,착시나라공원,어린이공원,인천광역시 중구 운서동 3110,37.48996059,126.4937786,2097.0,운서2동
11649,무지개길공원2,어린이공원,인천광역시 중구 운남동 1690-14,37.48043144,126.5152632,3216.0,영종동
11650,무지개길공원1,어린이공원,인천광역시 중구 운남동 1684-10,37.48145908,126.5133909,3717.0,영종동
11651,지도여행공원,어린이공원,인천광역시 중구 운서동 3083-10,37.49150465,126.5045792,5129.0,운서2동
11652,과일천국공원,어린이공원,인천광역시 중구 운서동 3081-1,37.49335425,126.5061947,1663.0,운서2동
11653,우주탐험공원,어린이공원,인천광역시 중구 운서동 3050-1,37.49402028,126.4977659,9020.0,운서2동
11654,잎새바람공원,어린이공원,인천광역시 중구 운서동 3033-4,37.49699326,126.4994867,1641.0,운서2동
11655,날아라UFO공원,어린이공원,인천광역시 중구 운서동 3034,37.49666953,126.5002014,5167.0,운서2동
11656,황새울공원,체육공원,"경기도 성남시 분당구 수내동 42, 43",37.383256,127.118142,37957.0,수내1동
11657,중앙공원,근린공원,"경기도 성남시 분당구 수내동 65, 66",37.380301,127.121173,420982.1,수내2동
11658,당골공원,근린공원,경기도 성남시 분당구 분당동 37,37.372234,127.129797,31128.8,분당동
11659,맹산공원,근린공원,경기도 성남시 분당구 분당동 64-1,37.369425,127.132883,103828.1,분당동
11660,태현공원,근린공원,경기도 성남시 분당구 분당동 88,37.369531,127.143577,16319.5,분당동
11661,태현공원,어린이공원,경기도 성남시 분당구 분당동 162,37.367657,127.142446,1620.0,분당동
11662,점골공원,근린공원,경기도 성남시 분당구 서현동 342,37.37812,127.140716,270243.9,서현2동
11663,점골공원,어린이공원,경기도 성남시 분당구 서현동 332,37.376943,127.139985,4487.5,서현2동
11664,상희공원,근린공원,경기도 성남시 분당구 야탑동 271,37.410918,127.14128,18143.7,야탑3동
11665,성지공원,근린공원,경기도 성남시 분당구 야탑동 195-1,37.407998,127.157297,94597.4,야탑3동
11666,탑골공원,근린공원,경기도 성남시 분당구 야탑동 195,37.40657,127.151696,358629.6,야탑3동
11667,탑골공원,어린이공원,경기도 성남시 분당구 야탑동 521,37.408174,127.13631,4314.6,야탑2동
11668,서현공원,근린공원,경기도 성남시 분당구 이매동 산57,37.390181,127.12969,97877.8,이매1동
11669,서현공원,어린이공원,경기도 성남시 분당구 서현동 89-6,37.382087,127.127099,11273.5,서현1동
11670,율동공원,근린공원,경기도 성남시 분당구 율동 311,37.380792,127.152097,889863.7,서현1동
11671,하이테크밸리 근린공원,근린공원,경기도 성남시 중원구 상대원동 152-1,37.436441,127.16758,76658.0,상대원1동
11672,금상소공원,소공원,경기도 성남시 중원구 금광동 1007,37.441782,127.163499,1305.6,금광1동
11673,금상어린이공원,어린이공원,경기도 성남시 중원구 금광동 1625,37.443769,127.162335,8749.7,금광1동
11674,박석어린이공원,어린이공원,경기도 성남시 중원구 금광동 499,37.44389,127.165608,4015.0,금광1동
11675,제일어린이공원,어린이공원,경기도 성남시 중원구 중앙동 3004,37.439525,127.148875,6134.0,중앙동
11676,단남소공원,소공원,경기도 성남시 중원구 금광동 1004,37.442322,127.163256,401.2,금광1동
11677,여수지구 제1호공원,소공원,경기도 성남시 중원구 하대원동 16,37.427879,127.132919,2673.1,하대원동
11678,은행제16호공원,소공원,경기도 성남시 중원구 은행동 2506,37.455796,127.168016,605.7,은행2동
11679,은행제15호공원,소공원,경기도 성남시 중원구 은행동 2519,37.45441,127.163569,646.8,은행2동
11704,석촌공원,근린공원,경기도 성남시 분당구 구미동 217,37.336733,127.119794,18863.7,구미동
11705,진고개공원,근린공원,경기도 성남시 분당구 구미동 209,37.335409,127.1146,21059.1,구미동
11706,오리공원,근린공원,"경기도 성남시 분당구 구미동 193-1, 2",37.341382,127.111944,30775.0,구미동
11707,오리공원,어린이공원,경기도 성남시 분당구 구미동 114,37.344557,127.114146,5780.2,구미동
11708,벌말공원,근린공원,경기도 성남시 분당구 구미동 67,37.348123,127.115299,12040.7,구미1동
11709,벌말공원,어린이공원,경기도 성남시 분당구 구미동 51,37.347646,127.110859,1790.0,구미1동
11710,머내과학기술공원,근린공원,경기도 성남시 분당구 구미동 19,37.346658,127.106381,165712.5,구미1동
11711,금곡공원,체육공원,경기도 성남시 분당구 정자동 183-1,37.356898,127.109197,18148.5,정자동
11712,주택공원,근린공원,경기도 성남시 분당구 정자동 253,37.357594,127.112502,212563.3,정자3동
11713,정자공원,근린공원,경기도 성남시 분당구 정자동 252,37.355692,127.121471,215106.7,정자3동
11714,능골공원,근린공원,경기도 성남시 분당구 정자동 103,37.370402,127.116741,30590.2,정자2동
11715,마루공원,근린공원,경기도 성남시 분당구 수내동 49-1,37.380603,127.111457,25493.9,수내1동
11716,판교제11호(판교테크노파크)공원,근린공원,경기도 성남시 분당구 삼평동 669,37.398902,127.109227,15437.3,삼평동
11717,판교제10호(낙생대)공원,근린공원,경기도 성남시 분당구 백현동 523,37.387522,127.107671,428698.0,백현동
11718,판교제9호(나들이)공원,근린공원,경기도 성남시 분당구 백현동 542-1,37.394733,127.114913,28992.4,백현동
11719,판교제8호(화랑)공원,근린공원,경기도 성남시 분당구 삼평동 637,37.39708,127.106232,118923.6,삼평동
11720,판교제7호(송현)공원,근린공원,경기도 성남시 분당구 삼평동 717-2,37.409025,127.11694,39233.5,삼평동
11721,판교제6호(붓들)공원,근린공원,경기도 성남시 분당구 삼평동 697,37.405936,127.107272,154424.0,삼평동
11722,판교제4호(판교)공원,근린공원,경기도 성남시 분당구 운중동 990,37.391989,127.090589,1204532.2,판교동
11723,판교제3호(두밀)공원,근린공원,경기도 성남시 분당구 운중동 915,37.385246,127.071044,66929.3,운중동
11724,판교제2호(운중)공원,근린공원,경기도 성남시 분당구 운중동 953,37.390041,127.075078,28137.7,운중동
11725,판교제1호(청계)공원,근린공원,경기도 성남시 분당구 운중동 872,37.394168,127.065625,87207.0,운중동
11726,수내공원,근린공원,경기도 성남시 분당구 수내동122,37.367624,127.128826,53935.3,수내3동
11727,수내공원,어린이공원,경기도 성남시 분당구 수내동 110,37.365133,127.127799,2865.5,수내3동
11728,맹산2공원,근린공원,경기도 성남시 분당구 야탑동422-3,37.405244,127.142019,549878.6,야탑3동
11729,구미공원,근린공원,경기도 성남시 분당구 구미동 299,37.342138,127.121929,226188.2,구미동
11730,구미공원,어린이공원,경기도 성남시 분당구 구미동 206,37.337391,127.117303,8656.6,구미동
11780,솔밭공원,어린이공원,경기도 성남시 분당구 서현동 78-4,37.384612,127.130561,2234.3,서현1동
11781,누엣길공원,어린이공원,경기도 성남시 분당구 이매동 125,37.389888,127.125651,3900.7,이매1동
11782,구렛들공원,어린이공원,경기도 성남시 분당구 이매동 119,37.392309,127.125092,3269.5,이매1동
11783,이매길공원,어린이공원,경기도 성남시 분당구 이매동 148,37.393108,127.122276,2695.4,이매2동
11784,방아다리공원,어린이공원,경기도 성남시 분당구 이매동 114,37.397715,127.1258,5199.2,이매1동
11785,매송공원,어린이공원,경기도 성남시 분당구 이매동 144,37.397563,127.122978,4997.6,이매2동
11786,아름공원,어린이공원,경기도 성남시 분당구 이매동 134,37.402507,127.123014,5153.9,이매2동
11787,과수원공원,어린이공원,경기도 성남시 분당구 이매동 103,37.402392,127.125993,5180.1,이매1동
11788,신일공원,어린이공원,경기도 성남시 분당구 야탑동 164,37.407165,127.144121,1581.5,야탑3동
11789,목련공원,어린이공원,경기도 성남시 분당구 야탑동 167,37.40787,127.139199,1572.1,야탑3동
11790,무장들공원,어린이공원,경기도 성남시 분당구 야탑동 524,37.407727,127.131029,1506.9,야탑2동
11791,장승백이공원,어린이공원,경기도 성남시 분당구 야탑동 516,37.409498,127.131026,1504.3,야탑2동
11792,무잡모퉁이공원,어린이공원,경기도 성남시 분당구 야탑동 529,37.407349,127.127017,2018.4,야탑2동
11793,오야소공원,어린이공원,경기도 성남시 분당구 야탑동 509,37.407919,127.126884,1517.8,야탑2동
11794,종달새공원,어린이공원,경기도 성남시 분당구 야탑동 534,37.406574,127.123425,4541.7,야탑2동
11795,탑공원,어린이공원,경기도 성남시 분당구 야탑동 385,37.411657,127.131784,4424.0,야탑1동
11796,중탑공원,어린이공원,경기도 성남시 분당구 야탑동 301,37.412076,127.135986,5856.9,야탑3동
11797,양촌공원,어린이공원,경기도 성남시 분당구 야탑동 178,37.407056,127.147037,1533.2,야탑3동
11798,숲속공원,어린이공원,경기도 성남시 분당구 야탑동 213-1,37.414026,127.140383,1585.3,야탑3동
11799,새싹공원,어린이공원,경기도 성남시 분당구 야탑동 208,37.415439,127.141101,1500.3,야탑3동
11800,매향공원,어린이공원,경기도 성남시 분당구 야탑동 214-1,37.41471,127.137412,1663.6,야탑3동
11801,연꽃공원,어린이공원,경기도 성남시 분당구 야탑동 206,37.415308,127.137469,1500.8,야탑3동
11802,야탑공원,어린이공원,경기도 성남시 분당구 야탑동 340,37.41405,127.130611,1872.3,야탑1동
11803,하늘공원,어린이공원,경기도 성남시 분당구 야탑동 337,37.414724,127.130724,1946.2,야탑1동
11804,꿈동산공원,어린이공원,경기도 성남시 분당구 야탑동 332,37.414578,127.12608,5000.1,야탑1동
11805,산자락공원,어린이공원,경기도 성남시 분당구 정자동 239,37.359023,127.124489,1961.3,정자3동
11806,불정공원,어린이공원,경기도 성남시 분당구 정자동 204,37.361627,127.12092,6870.0,정자3동
11807,정든공원,어린이공원,경기도 성남시 분당구 정자동 196,37.361568,127.116608,6217.2,정자3동
11808,봉우재공원,어린이공원,경기도 성남시 분당구 정자동 145,37.360858,127.112756,6101.4,정자동
11809,백현공원,근린공원,경기도 성남시 분당구 백현동 516-21,37.382399,127.096187,29859.0,판교동
11810,백현공원,어린이공원,경기도 성남시 분당구 정자동 72,37.371086,127.112207,4196.8,정자동
11811,느티마을공원,어린이공원,경기도 성남시 분당구 정자동 91-1,37.366276,127.111787,5021.4,정자동
11812,한솔공원,어린이공원,경기도 성남시 분당구 정자동 114,37.366621,127.116955,8612.4,정자2동
11813,철쭉공원,어린이공원,경기도 성남시 분당구 정자동 108,37.366541,127.122169,7944.2,정자2동
11814,푸른공원,어린이공원,경기도 성남시 분당구 수내동 127,37.368481,127.125026,5250.1,수내3동
11815,내정공원,어린이공원,경기도 성남시 분당구 수내동 62,37.372073,127.121477,5781.5,수내2동
11816,햇빛공원,어린이공원,경기도 성남시 분당구 수내동 26,37.374583,127.116882,4960.3,수내1동
11817,초림공원,어린이공원,경기도 성남시 분당구 수내동 31,37.375353,127.11763,4299.8,수내1동
11818,선지봉공원,어린이공원,경기도 성남시 분당구 분당동 179,37.365554,127.141329,1659.7,분당동
11819,동문공원,어린이공원,경기도 성남시 분당구 분당동 124,37.369241,127.146558,1560.3,분당동
11820,장안공원,어린이공원,경기도 성남시 분당구 분당동 89,37.370743,127.141058,5144.2,분당동
11821,안말공원,어린이공원,경기도 성남시 분당구 분당동 194-3,37.372639,127.142806,2939.3,분당동
11822,미래공원,어린이공원,경기도 성남시 분당구 서현동 309,37.371048,127.136006,3509.7,서현2동
11823,수련공원,어린이공원,경기도 성남시 분당구 서현동 314-1,37.372455,127.140537,1509.9,서현2동
11824,양영공원,어린이공원,경기도 성남시 분당구 서현동 317-1,37.373422,127.139348,5344.5,서현2동
11825,서당공원,어린이공원,경기도 성남시 분당구 서현동 302-1,37.375225,127.13451,1501.4,서현2동
11826,효자공원,어린이공원,경기도 성남시 분당구 서현동 294,37.376113,127.13505,2808.5,서현2동
11827,분당공원,어린이공원,경기도 성남시 분당구 서현동 94-1,37.379087,127.131204,9428.5,서현1동
11828,소공원공원,어린이공원,경기도 성남시 분당구 서현동 324,37.379517,127.136851,1219.7,서현2동
11829,판교제8호(봄볕)공원,어린이공원,경기도 성남시 분당구 판교동 532,37.398338,127.097336,3610.8,판교동
11830,판교제7호(미르)공원,어린이공원,경기도 성남시 분당구 판교동 547,37.395036,127.099231,7392.6,판교동
11831,판교제6호(너른들)공원,어린이공원,경기도 성남시 분당구 판교동 573,37.390168,127.099174,5234.8,판교동
11832,판교제5호(너울)공원,어린이공원,경기도 성남시 분당구 판교동 597,37.389883,127.091471,1768.9,판교동
11833,판교제4호(도담)공원,어린이공원,경기도 성남시 분당구 운중동 1044,37.388696,127.08213,1905.5,운중동
11834,판교제3호(눈꽃)공원,어린이공원,경기도 성남시 분당구 운중동 1012,37.391558,127.083669,8445.5,운중동
11835,판교제2호(물빛)공원,어린이공원,"경기도 성남시 분당구 운중동 900, 900-5",37.391069,127.067673,5518.3,운중동
11836,판교제1호(바람길)공원,어린이공원,경기도 성남시 분당구 운중동 889,37.392117,127.066682,5398.2,운중동
11837,큰골공원,어린이공원,경기도 성남시 분당구 구미동 252,37.340205,127.126082,1790.1,구미동
11838,넘말공원,어린이공원,경기도 성남시 분당구 구미동 239,37.34047,127.124786,1577.1,구미동
11839,덕봉공원,어린이공원,경기도 성남시 분당구 구미동 279,37.342231,127.125836,1985.8,구미동
11840,무지개공원,어린이공원,경기도 성남시 분당구 구미동 230,37.339789,127.122776,1530.2,구미동
11841,야생화공원,어린이공원,경기도 성남시 분당구 금곡동 175,37.351585,127.106626,1756.6,금곡동
11842,파랑새공원,어린이공원,경기도 성남시 분당구 금곡동 183,37.355077,127.106404,2400.1,금곡동
11843,불곡공원,어린이공원,경기도 성남시 분당구 구미동 294,37.344735,127.126551,1586.7,구미동
11844,골안공원,어린이공원,경기도 성남시 분당구 구미동 281,37.343108,127.12462,1588.2,구미동
11845,수평공원,어린이공원,경기도 성남시 분당구 구미동 138,37.344924,127.111009,2020.2,구미동
11846,하얀공원,어린이공원,경기도 성남시 분당구 구미동 108,37.344885,127.118069,3800.2,구미동
11847,샘터공원,어린이공원,경기도 성남시 분당구 구미동 87,37.348799,127.118614,3620.1,구미1동
11848,까치마을공원,어린이공원,경기도 성남시 분당구 구미동 73,37.351103,127.118164,3170.1,구미1동
11849,뒷구미공원,어린이공원,경기도 성남시 분당구 구미동 32,37.348973,127.111282,2311.9,구미1동
11850,청솔공원,어린이공원,경기도 성남시 분당구 금곡동 146,37.3516,127.110779,3570.5,금곡동
11851,앞구미공원,어린이공원,경기도 성남시 분당구 금곡동 135,37.353651,127.113425,3029.8,금곡동
11852,늘푸른공원,어린이공원,경기도 성남시 분당구 정자동 182,37.358264,127.106417,2000.0,정자1동
11859,판교대장공원,근린공원,경기도 성남시 분당구 대장동 242-1 일원,37.414086,127.122035,106779.3,야탑1동
11860,판교역사공원,역사공원,경기도 성남시 분당구 판교동 499,37.400902,127.095569,4891.2,판교동
11861,남서울묘지공원,묘지공원,경기도 성남시 분당구 야탑동 산 82,37.401818,127.16197,635928.0,야탑3동
11862,판교제3호체육공원,체육공원,경기도 성남시 분당구 운중동 921-3,37.389184,127.070124,11651.6,운중동
11863,판교제2호체육공원,체육공원,경기도 성남시 분당구 운중동 954,37.390838,127.070018,10909.3,운중동
11864,판교제1호체육공원,체육공원,경기도 성남시 분당구 운중동 956-1,37.392381,127.070299,12002.5,운중동
11865,판교제23호(운중)공원,어린이공원,경기도 성남시 분당구 운중동 307-3,37.392716,127.060025,1492.0,운중동
11866,판교제21호(물방울)공원,어린이공원,경기도 성남시 분당구 삼평동 677,37.401686,127.111345,8323.9,삼평동
11867,판교제20호(달팽이)공원,어린이공원,경기도 성남시 분당구 삼평동 699,37.404422,127.107991,4164.0,삼평동
11868,판교제19호(우주)공원,어린이공원,경기도 성남시 분당구 삼평동 620,37.40405,127.101378,4739.8,삼평동
11869,판교제18호(빛나래)공원,어린이공원,경기도 성남시 분당구 삼평동 614,37.405127,127.098647,6465.5,삼평동
11870,판교제17호(붓들)공원,어린이공원,경기도 성남시 분당구 삼평동 729,37.3995,127.118289,10553.6,삼평동
11871,판교제16호(낙생)공원,어린이공원,경기도 성남시 분당구 판교동 647,37.386865,127.100235,1658.2,판교동
11872,판교제15호(보물섬)공원,어린이공원,경기도 성남시 분당구 백현동 584,37.383909,127.113053,4161.6,백현동
11873,판교제14호(정자목)공원,어린이공원,경기도 성남시 분당구 백현동 571,37.384917,127.11052,2565.6,백현동
11874,판교제13호(물방울)공원,어린이공원,경기도 성남시 분당구 백현동 606,37.386751,127.115896,3911.6,백현동
11875,판교제12호(숲안)공원,어린이공원,경기도 성남시 분당구 백현동 548,37.388994,127.115944,4275.3,백현동
11876,판교제11호(삼평)공원,어린이공원,경기도 성남시 분당구 삼평동 731,37.399503,127.11501,9011.0,삼평동
11877,판교제10호(송현)공원,어린이공원,경기도 성남시 분당구 삼평동 707,37.40456,127.115086,1516.9,삼평동
11878,판교제9호(바람개비)공원,어린이공원,경기도 성남시 분당구 판교동 487,37.402551,127.094811,1547.5,판교동
11956,우산각,어린이공원,서울특별시 동대문구 신설동 109-4,37.57385655,127.0241852,5294.2,신설동
11957,청량,근린공원,서울특별시 동대문구 청량리동 산1-1,37.59573175,127.0448296,119871.0,청량리동
12077,이촌한우리공원,소공원,서울특별시 용산구 이촌동 437,37.5172264,126.981103,4325.0,이촌1동
12078,강변복지공원,소공원,서울특별시 용산구 이촌동 421,37.521114,126.9658983,377.0,이촌1동
12079,사촌공원,소공원,서울특별시 용산구 이촌동 429,37.520666,126.9709256,1500.0,이촌1동
12080,청탑공원,소공원,서울특별시 용산구 이촌동 425,37.517808,126.977273,546.0,이촌1동
12081,비상공원,소공원,서울특별시 용산구 이촌동 417,37.522342,126.971394,889.0,이촌1동
12082,후암어린이공원,어린이공원,서울특별시 용산구 후암동 406-80,37.54722997,126.9836734,182.0,후암동
12083,서계가로어린이공원,어린이공원,서울특별시 용산구 서계동 276-7,37.551285,126.964252,183.0,청파동
12084,문배어린이공원,어린이공원,서울특별시 용산구 문배동 24-1,37.536628,126.9698073,842.0,원효로1동
12085,기와터공원,근린공원,서울특별시 용산구 한강로3가 63-388,37.52581297,126.969661,2225.0,한강로동
12086,서빙고공원,근린공원,서울특별시 용산구 용산동5가 24-2,37.524782,126.9712832,11879.0,한강로동
12087,신창동어린이공원,어린이공원,서울특별시 용산구 신창동 100,37.5366983,126.954145,257.0,원효로2동
12088,솔밭어린이공원,어린이공원,서울특별시 용산구 한강로1가 30-3,37.537229,126.973668,2090.0,한강로동
12089,강변공원,소공원,서울특별시 용산구 이촌동 408,37.521338,126.975039,1766.0,이촌1동
12090,도원어린이공원,어린이공원,서울특별시 용산구 도원동 21,37.537154,126.9546234,1500.0,용문동
12091,새푸리공원,소공원,서울특별시 용산구 이촌동 399,37.5215843,126.967831,231.0,이촌1동
12092,이촌공원,어린이공원,서울특별시 용산구 이촌동 301-60,37.518766,126.979792,1736.0,이촌1동
12093,효창어린이공원,어린이공원,서울특별시 용산구 효창동 5-712,37.54279367,126.9585555,525.0,효창동
12094,두텁바위어린이공원,어린이공원,서울특별시 용산구 동자동 50,37.552054,126.972944,2623.0,남영동
12095,동빙고공원,근린공원,서울특별시 용산구 용산동6가 69-163,37.517396,126.983984,55740.0,서빙고동
12096,응봉공원,근린공원,서울특별시 용산구 한남동 산8-1,37.544987,127.0047763,187834.0,한남동
12097,삼각지어린이공원,어린이공원,서울특별시 용산구 용산동3가 1-96,37.534406,126.9754551,803.0,한강로동
12098,새싹어린이공원,어린이공원,서울특별시 용산구 이촌동 206-1,37.526961,126.954522,480.0,이촌2동
12099,꿈나무공원,어린이공원,서울특별시 용산구 이촌동 301-86,37.520795,126.971721,1412.0,이촌1동
12100,소월길어린이공원,어린이공원,서울특별시 용산구 이태원동 463,37.543563,126.989243,1630.0,이태원2동
12101,신계공원,역사공원,서울특별시 용산구 신계동 55,37.535079,126.966284,15000.0,원효로1동
12102,돌모루어린이공원,어린이공원,서울특별시 용산구 청파동3가 118-102,37.542772,126.9685904,3447.0,청파동
12142,한마음어린이공원,어린이공원,서울특별시 용산구 용산동5가 30-4,37.52856458,126.9696756,2998.5,한강로동
12143,한강로가로공원,기타,서울특별시 용산구 한강로3가 65-690,37.524249,126.963959,1076.3,한강로동
12144,신용산가로공원,기타,서울특별시 용산구 한강로2가 424-1,37.52947726,126.9690828,2410.0,한강로동
12145,이봉창역사공원,역사공원,서울특별시 용산구 효창동 286-7,37.54010272,126.960877,484.4,효창동
12146,이태원부군당,역사공원,서울특별시 용산구 이태원동 191-3,37.535801,126.989755,2020.0,이태원1동
12147,한강대로공원,소공원,서울특별시 용산구 한강로동 65-587,37.524103,126.963575,466.0,한강로동
12148,이태원어린이놀이터,소공원,서울특별시 용산구 이태원동 190-11,37.535685,126.989937,278.0,이태원1동
12149,한남공원,소공원,서울특별시 용산구 한남동 15-5,37.537238,127.013882,432.0,한남동
12150,독서당공원,소공원,서울특별시 용산구 한남동 1-32,37.5345083,127.012481,469.0,한남동
12151,이태원마을숲,소공원,서울특별시 용산구 이태원동 260-87,37.5412484,126.991493,867.0,이태원2동
12152,별님공원,소공원,서울특별시 용산구 문배동 11-1,37.538165,126.969201,1137.0,원효로1동
12153,달님공원,소공원,서울특별시 용산구 문배동 46,37.538428,126.969601,1195.0,원효로1동
12154,해님공원,소공원,서울특별시 용산구 문배동 45,37.539145,126.970123,1255.0,원효로1동
12266,위례 제3호(서일로)(미인수),어린이공원,경기도 성남시 수정구 창곡동 542,37.46768,127.138408,1526.3,위례동
12267,위례 제2호(한빛),어린이공원,경기도 성남시 수정구 창곡동 589,37.464589,127.147789,1841.7,위례동
12268,미소공원,어린이공원,경기도 성남시 수정구 단대동 100-1,37.448932,127.155947,1746.0,단대동
12269,복우물공원,어린이공원,경기도 성남시 수정구 복정동 697,37.455243,127.128251,5274.5,복정동
12270,주산도공원,어린이공원,경기도 성남시 수정구 복정동670,37.460906,127.128965,2202.4,복정동
12271,기왓골공원,어린이공원,경기도 성남시 수정구 복정동 648,37.463744,127.127854,1505.6,복정동
12272,복고개공원,어린이공원,경기도 성남시 수정구 복정동 638,37.466449,127.129546,4510.7,복정동
12273,복정공원,어린이공원,경기도 성남시 수정구 복정동 635,37.4677,127.127869,1726.2,복정동
12274,고산공원,근린공원,경기도 성남시 수정구 고등동 606 일원,37.425166,127.097766,43483.2,고등동
12275,고등공원,근린공원,경기도 성남시 수정구 고등동 588 일원,37.429034,127.09911,52464.2,고등동
12276,태평공원,근린공원,경기도 성남시 수정구 태평동 7277,37.440739,127.121716,37281.0,태평1동
12277,위례역사공원,역사공원,경기도 성남시 수정구 창곡동 521-3,37.468609,127.143607,60049.3,위례동
12278,위례 제10호공원,근린공원,경기도 성남시 수정구 창곡동 산33,37.467118,127.161197,625700.4,위례동
12279,수진공원,근린공원,경기도 성남시 수정구 수진동 산41-3,37.435955,127.125422,50600.0,수진2동
12280,희망대공원,근린공원,경기도 성남시 수정구 신흥동 2345,37.449309,127.150175,162853.2,신흥2동
12281,영장공원,근린공원,경기도 성남시 수정구 태평동 산50-5,37.452312,127.134914,394759.3,태평2동
12282,단대공원,근린공원,경기도 성남시 수정구 단대동 193,37.454788,127.158822,210700.0,단대동
12283,양지공원,체육공원,경기도 성남시 수정구 양지동 972,37.463606,127.163646,348806.5,양지동
12284,삼평공원,근린공원,경기도 성남시 수정구 시흥동 산22,37.415805,127.105985,173656.0,시흥동
12291,도촌 제2호(독고개)공원,근린공원,경기도 성남시 중원구 도촌동 659,37.417912,127.156475,24806.9,도촌동
12292,도촌 제1호(섬말)공원,근린공원,경기도 성남시 중원구 도촌동 654,37.418011,127.153451,62458.1,도촌동
12293,여수지구4호(여수울)공원,근린공원,경기도 성남시 중원구 여수동 산10,37.421285,127.132336,82540.9,도촌동
12294,여수지구3호(시청)공원,근린공원,경기도 성남시 중원구 여수동 372,37.419434,127.124096,50933.7,도촌동
12295,여수지구2호(모란생태)공원,근린공원,경기도 성남시 중원구 성남동 4872,37.428575,127.124423,11729.3,성남동
12296,여수지구1호(모란)공원,근린공원,경기도 성남시 중원구 성남동 4861,37.431192,127.124384,23848.0,성남동
12297,사기막골공원,근린공원,경기도 성남시 중원구 상대원동 28,37.445785,127.182298,21620.0,상대원1동
12298,자혜공원,근린공원,경기도 성남시 중원구 금광동 2483,37.451505,127.171127,72501.0,금광2동
12299,은행공원,근린공원,경기도 성남시 중원구 은행동 199-1,37.453194,127.169027,200832.1,은행1동
12300,황송공원,근린공원,경기도 성남시 중원구 금광동 2449,37.445843,127.17045,403343.4,금광1동
12301,여수공원,근린공원,경기도 성남시 중원구 여수동 414-2,37.421827,127.138436,38841.0,도촌동
12302,대원공원,근린공원,경기도 성남시 중원구 하대원동 108-4,37.431335,127.145634,791668.6,하대원동
12303,소공원 1호(판교 제2테크노밸리),소공원,경기도 성남시 수정구 금토동 314-1 일원,37.408688,127.089475,451.0,시흥동
12304,희망 어린이공원,어린이공원,경기도 성남시 수정구 신흥동 1967,37.445473,127.147756,38017.4,신흥2동
12305,옛골 제1호 어린이공원,어린이공원,경기도 성남시 수정구 상적동 275-15,37.427221,127.070985,865.0,고등동
12306,고등 어린이공원,어린이공원,경기도 성남시 수정구 고등동 605-2,37.426881,127.096715,2190.7,고등동
12307,오야4호소공원,소공원,"경기도 성남시 수정구 오야동 245-20, 245-21, 245-27, 245-45",37.454569,127.105963,638.0,신촌동
12308,수진소공원,소공원,경기도 성남시 수정구 수진동 4763,37.434056,127.124922,800.0,수진2동
12309,영장산,소공원,경기도 성남시 수정구 신흥동 6950,37.455494,127.149252,5181.0,신흥2동
12310,단대동소공원2,소공원,경기도 성남시 수정구 단대동 171-2,37.447683,127.157212,198.0,단대동
12311,단대동소공원1,소공원,경기도 성남시 수정구 단대동 168-6,37.447413,127.156322,369.6,단대동
12312,보호수쉼터소공원,소공원,"경기도 성남시 수정구 심곡동 338-3, 338-8, 338-11",37.449657,127.101125,356.0,신촌동
12313,소공원1(산성2도시환경개선사업),소공원,경기도 성남시 수정구 산성동 580,37.455189,127.153269,102.5,산성동
12314,소공원2(산성2도시환경개선사업),소공원,경기도 성남시 수정구 산성동 570-4,37.455512,127.153801,80.5,산성동
12315,단대지구1호(하늘빛)공원,소공원,경기도 성남시 수정구 단대동 101-2,37.451964,127.15819,2025.0,단대동
12316,옛골 제2호 어린이공원,어린이공원,경기도 성남시 수정구 상적동 335-8,37.426086,127.069064,1738.0,고등동
12317,은행제14호공원,소공원,경기도 성남시 중원구 은행동 2473,37.456125,127.170672,949.0,은행2동
12318,은행제13호공원,소공원,경기도 성남시 중원구 은행동 2509,37.4552,127.167254,1332.0,은행2동
12319,은행제11호공원,소공원,경기도 성남시 중원구 은행동 2525,37.454001,127.16509,1016.0,은행2동
12320,은행제9호공원,소공원,경기도 성남시 중원구 은행동 2487,37.456788,127.164168,147.0,은행2동
12321,은행제8호공원,소공원,경기도 성남시 중원구 은행동 2482,37.455886,127.169359,156.0,은행2동
12322,은행제7호공원,소공원,경기도 성남시 중원구 은행동 2465,37.456752,127.17025,110.0,은행2동
12323,은행제5호공원,소공원,경기도 성남시 중원구 은행동 2478,37.456593,127.167622,54.0,은행2동
12324,은행제3호공원,소공원,경기도 성남시 중원구 은행동 2523,37.453975,127.164559,54.0,은행2동
12325,은행제2호공원,소공원,경기도 성남시 중원구 은행동 2515,37.454642,127.16408,173.0,은행2동
12326,은행제1호공원,소공원,경기도 성남시 중원구 은행동 2521,37.454381,127.163944,119.0,은행2동
12327,금상(금광1주택재개발 정비사업),소공원,경기도 성남시 중원구 금광동 653,37.441761,127.163492,1305.6,금광1동
12328,힐스,소공원,경기도 성남시 중원구 중앙동 549,37.437373,127.14903,1090.0,중앙동
12329,종알종알 공원,어린이공원,경기도 성남시 중원구 여수동 614,37.416943,127.136458,4501.3,도촌동
12330,은행정이 공원,어린이공원,경기도 성남시 중원구 은행동 2467,37.457073,127.16899,1671.3,은행2동
12331,은행2동(달빛)공원,어린이공원,경기도 성남시 중원구 은행동 1409,37.455359,127.165371,2428.4,은행2동
12332,여수지구5호(사각사각)공원,어린이공원,경기도 성남시 중원구 여수동 579,37.418458,127.134346,1512.0,도촌동
12333,여수지구4호(따르릉)공원,어린이공원,경기도 성남시 중원구 여수동 538,37.419697,127.131521,1841.0,도촌동
12334,여수지구3호(한아름)공원,어린이공원,경기도 성남시 중원구 여수동 355,37.417818,127.125939,1725.0,도촌동
12335,도란도란,어린이공원,경기도 성남시 중원구 성남동 4868,37.430318,127.126383,1731.0,성남동
12336,삼창아파트공원,어린이공원,경기도 성남시 중원구 중앙동 548,37.437142,127.148531,1525.0,중앙동
12337,도촌동어 5(약수터)공원,어린이공원,경기도 성남시 중원구 도촌동 664,37.411494,127.166737,1505.4,도촌동
12338,도촌동어 4(금잉어)공원,어린이공원,경기도 성남시 중원구 도촌동 658,37.415539,127.156905,1550.1,도촌동
12339,도촌동어 3(솔바람)공원,어린이공원,경기도 성남시 중원구 도촌동 655,37.415852,127.153507,1567.0,도촌동
12340,도촌동어 2(산바람)공원,어린이공원,경기도 성남시 중원구 도촌동 652,37.413105,127.149834,1540.9,도촌동
12341,도촌동어 1(여울)공원,어린이공원,경기도 성남시 중원구 도촌동 653,37.415607,127.149106,2592.5,도촌동
12342,둔촌공원,어린이공원,경기도 성남시 중원구 하대원동 249-1,37.427569,127.151626,1937.0,하대원동
12343,도촌 제3호(이왕이)공원,근린공원,경기도 성남시 중원구 도촌동 648,37.412699,127.162555,11386.5,도촌동
12524,아름마을어린이공원,어린이공원,경기도 구리시 인창동 651-36,37.610171,127.130311,5407.0,인창동
12525,부양공원,어린이공원,경기도 구리시 수택동 854-1,37.59079099,127.1415173,13430.0,수택3동
12526,새마을공원,어린이공원,경기도 구리시 수택동 684-14,37.592111,127.148072,1500.0,수택2동
12527,새말공원,어린이공원,경기도 구리시 수택동 449,37.592621,127.1410816,1656.0,수택2동
12528,옥천공원,어린이공원,경기도 구리시 수택동 437-20,37.5946454,127.1395168,1653.0,수택2동
12529,서가산공원,어린이공원,경기도 구리시 수택동 477,37.5949186,127.1453749,1657.0,수택2동
12530,옥밭굴공원,어린이공원,경기도 구리시 수택동 436,37.59594218,127.140804,1653.0,수택2동
12531,샛다리공원,어린이공원,경기도 구리시 교문동 418-2,37.59096492,127.1277344,4995.0,교문1동
12532,금호어울림공원,어린이공원,경기도 구리시 교문동 358-11,37.597511,127.1280142,3907.0,교문1동
12533,호수공원,어린이공원,경기도 구리시 교문동 799,37.59132594,127.1322485,1483.0,교문2동
12534,가능골공원,어린이공원,경기도 구리시 교문동 750,37.5957053,127.1332803,1557.0,교문1동
12589,궁뜰,어린이공원,서울특별시 서대문구 연희동 123-5,37.5690194186,126.9304024051,983.8,연희동
12590,거꾸로,어린이공원,서울특별시 서대문구 북가좌동 338-21,37.58503469,126.9132171,1125.3,북가좌2동
12591,갈매연,어린이공원,서울특별시 서대문구 남가좌동 377,37.5784941245,126.9173895829,1653.0,남가좌2동
12592,가좌,어린이공원,서울특별시 서대문구 남가좌동 376-4,37.5758499539,126.9205374332,1665.0,남가좌2동
12593,가재울,어린이공원,서울특별시 서대문구 남가좌동 385-2,37.5730923176,126.9191177351,9508.0,남가좌1동
12594,홍제제3구역 소공원,소공원,서울특별시 서대문구 홍제동 237-2,37.58920185,126.9461696,2922.0,홍제3동
12595,홍제2구역,소공원,서울특별시 서대문구 홍제동 156-145,37.589198,126.946179,188.0,홍제3동
12596,홍은6구역2,소공원,서울특별시 서대문구 홍은동 15-27,37.5994337583,126.9443681229,299.0,홍은1동
12597,홍은6구역1,소공원,서울특별시 서대문구 홍은동 13-39,37.6006211857,126.944493812,396.0,홍은1동
12598,홍은1구역,소공원,서울특별시 서대문구 홍은동 97-9,37.5927648608,126.9407005481,841.0,홍은2동
12599,홍은14구역,소공원,서울특별시 서대문구 홍은동 24-12,37.59278,126.940705,1371.0,홍은2동
12600,홍은3,소공원,서울특별시 서대문구 홍은동 산1-549,37.5996593129,126.943399505,747.0,홍은1동
12601,한울,소공원,서울특별시 서대문구 남가좌동 382-5,37.5708440375,126.9165656268,1006.0,남가좌1동
12602,하늘,소공원,서울특별시 서대문구 홍은동 445-3,37.571701,126.91542,1375.0,남가좌1동
12603,연가,소공원,서울특별시 서대문구 남가좌동 388-7,37.5807093619,126.9196878887,402.0,남가좌2동
12604,아현역,소공원,서울특별시 서대문구 북아현동136-3,37.58076,126.919715,563.0,남가좌2동
12605,아름다운,소공원,서울특별시 서대문구 홍제동 469-1,37.5848519282,126.9471887554,441.5,홍제1동
12606,문화,소공원,서울특별시 서대문구 홍제동 280-2,37.59467058,126.948759,1456.0,홍제3동
12607,무궁화,소공원,서울특별시 서대문구 홍제동 451-1,37.594565,126.94881,672.0,홍제3동
12608,남가좌동소공원,소공원,서울특별시 서대문구 남가좌동 388-7,37.5807093619,126.9196878887,402.0,남가좌2동
12609,기차길옆,소공원,서울특별시 서대문구 합동 118-1,37.5622254317,126.9653523286,381.3,충현동
12610,구청3별관,소공원,서울특별시 서대문구 연희동 169-32,37.5794409703,126.9359586806,357.0,연희동
12611,창천,문화공원,서울특별시 서대문구 창천동 57-18,37.55685968,126.935118,2326.9,신촌동
12612,독립문,문화공원,서울특별시 서대문구 영천동 265,37.556869,126.935113,2635.0,신촌동
12613,대현,문화공원,서울특별시 서대문구 대현동 146,37.5577976902,126.9454775012,3063.9,신촌동
12614,홍제,근린공원,서울특별시 서대문구 홍제동 454-2,37.5948548479,126.9530472071,9888.0,홍제3동
12744,꿈나래,어린이공원,서울특별시 동작구 상도동 36-1,37.5052677,126.9481801,1720.2,상도2동
12745,칸나,소공원,서울특별시 동작구 신대방동 698,37.48562691,126.9043083,241.0,신대방1동
12746,흑석,소공원,서울특별시 동작구 흑석동 186-135,37.50916104,126.957863,442.0,흑석동
12747,꽃담길,소공원,서울특별시 동작구 상도동 25-8,37.505644,126.942102,206.0,상도2동
12748,나비,소공원,서울특별시 동작구 상도동 535-3,37.50334639,126.943593,564.1,상도2동
12749,영도,소공원,서울특별시 동작구 상도동 535-6,37.50338581,126.9411913,1737.0,상도2동
12750,해밀,어린이공원,서울특별시 동작구 사당동 1157-1,37.48852684,126.9744312,2392.0,사당3동
12751,까망돌,어린이공원,서울특별시 동작구 흑석동 335-10,37.506578,126.964102,1904.5,흑석동
12752,흐리목,소공원,서울특별시 동작구 상도동 531-2,37.49448602,126.9530398,1869.7,상도1동
12753,국화원,소공원,서울특별시 동작구 상도동 529-1 상도두산위브아파트,37.50479617,126.942298,757.0,상도2동
12754,빙수골,소공원,서울특별시 동작구 상도동 296-6,37.49668291,126.932279,822.0,상도3동
12755,꿈나무,어린이공원,서울특별시 동작구 상도동 521-1,37.50329035,126.9427329,1500.0,상도2동
12756,충효,소공원,서울특별시 동작구 본동 494-9,37.51401526,126.950109,1081.8,노량진1동
12757,남성,소공원,서울특별시 동작구 사당동 1131-17(영아),37.48499215,126.9721592,924.1,사당3동
12758,희망,어린이공원,서울특별시 동작구 동작동 333-3,37.49388882,126.9801298,2654.3,사당2동
12759,서달,소공원,서울특별시 동작구 흑석동 339-4,37.50115916,126.9599134,254.8,흑석동
12760,태양,어린이공원,서울특별시 동작구 상도동 527-1외 2,37.506795,126.944663,1514.5,상도2동
12761,비계,소공원,서울특별시 동작구 흑석동 335-7,37.505468,126.966378,298.4,흑석동
12762,해당화,어린이공원,서울특별시 동작구 신대방동 719-3,37.48687458,126.905905,374.0,신대방1동
12763,청명,어린이공원,서울특별시 동작구 신대방동 719-1,37.487572,126.9080022,1024.0,신대방1동
12764,개나리,어린이공원,서울특별시 동작구 사당동 1138-1,37.48622359,126.965684,454.0,사당5동
12765,본동,어린이공원,서울특별시 동작구 본동 483,37.51062857,126.9544535,2195.5,노량진1동
12946,비둘기,어린이공원,서울특별시 동작구 상도1동 558,37.505903,126.9517486201,2114.7,상도1동
12947,까막골,소공원,서울특별시 동작구 흑석동 231-31,37.5045058,126.9605347,1420.1,흑석동
12948,새빛,소공원,서울특별시 동작구 사당동 164-1,37.48733571,126.9744112,1680.0,사당3동
12952,새빛,근린공원,경기도 광명시 일직동 293번지,37.4155,126.8879,66767.0,일직동
12953,햇무리,어린이공원,경기도 광명시 철산동 639-2,37.4801079657,126.8651,4808.0,철산3동
12954,광덕,어린이공원,경기도 광명시 철산동 638-1,37.4724186223,126.8658,2407.0,철산3동
12955,새싹모둠소공원,소공원,경기도 광명시 광명동 317-33,37.47001,126.8535,1080.0,광명7동
12956,양지사거리체육공원,체육공원,경기도 광명시 일직동 345,37.416413,126.8776774325,13647.0,일직동
12975,텃골,근린공원,서울특별시 동대문구 전농동 553-1,37.5775463,127.051609,5282.7,전농1동
12976,용두,근린공원,서울특별시 동대문구 용두동 34-1,37.57324573,127.0401114,17182.0,용두동
12977,방아다리,어린이공원,서울특별시 동대문구 제기동 132-1,37.5851297,127.034885,1537.0,제기동
12978,용두희망,어린이공원,서울특별시 동대문구 용두동 715,37.58018269,127.0267395,1291.0,신설동
12979,동산,어린이공원,서울특별시 동대문구 답십리동 998-1,37.5668782,127.0575108,1359.2,답십리2동
12980,아름,어린이공원,서울특별시 동대문구 휘경동 43-275,37.5868279,127.0693157,1116.0,휘경2동
12981,장일,어린이공원,서울특별시 동대문구 장안동 164-1,37.5698546,127.0651081,992.0,장안1동
12982,용머리,어린이공원,서울특별시 동대문구 용두동 696-8,37.57276909,127.0365661,738.5,용두동
12983,이슬,어린이공원,서울특별시 동대문구 장안동 190-62,37.5678099,127.0635673,336.0,장안1동
12984,미리내,어린이공원,서울특별시 동대문구 장안동 93-29,37.5806911,127.0717358,833.0,장안2동
12985,배봉산,근린공원,서울특별시 동대문구 전농동 산32-20,37.58121225,127.0675943,232813.7,전농2동
12986,답십리,근린공원,서울특별시 동대문구 답십리동 산2-9,37.57332011,127.0638172,160857.6,답십리2동
12987,홍릉,근린공원,서울특별시 동대문구 청량리동 산1-145,37.58958379,127.0435376,102920.0,청량리동
12988,천장,어린이공원,서울특별시 동대문구 이문동 264-181,37.59889444,127.0538436,1656.0,이문1동
12989,샛별,어린이공원,서울특별시 동대문구 장안동 379,37.5678428,127.0674928,1652.9,장안1동
12990,장미,어린이공원,서울특별시 동대문구 장안동 386,37.5716162,127.0691872,1652.8,장안1동
12991,미나리,어린이공원,서울특별시 동대문구 장안동 449,37.5638584,127.067902,1636.3,장안1동
12992,장평,근린공원,서울특별시 동대문구 장안동 356,37.56748813,127.0737398,15698.4,장안1동
12993,장안,근린공원,서울특별시 동대문구 장안동 300,37.57716529,127.0709026,14744.8,장안2동
12994,쉼터,어린이공원,서울특별시 동대문구 답십리동 952-5,37.56484697,127.0593171,1695.0,답십리2동
12995,이삭,어린이공원,서울특별시 동대문구 전농동 675,37.57874969,127.0495026,354.2,전농1동
12996,한내,어린이공원,서울특별시 동대문구 장안동 348,37.56789456,127.0711623,1617.2,장안2동
12997,늘봄,어린이공원,서울특별시 동대문구 장안동 343,37.5713224,127.0725893,1659.2,장안2동
12998,늘푸른,어린이공원,서울특별시 동대문구 장안동 303,37.57618959,127.0715754,1653.1,장안2동
12999,마로니에,어린이공원,서울특별시 동대문구 장안동 325,37.5749393,127.0737198,1656.2,장안2동
13000,안골,어린이공원,서울특별시 동대문구 장안동 402,37.56526436,127.0643819,1652.3,장안1동
13001,느티나무,어린이공원,서울특별시 동대문구 용두동 138-61,37.57898555,127.032565,1719.0,용두동
13002,용두6구역,소공원,서울특별시 동대문구 용두동 765-12,37.5789782,127.026565,1865.0,신설동
13003,용두5구역,어린이공원,서울특별시 동대문구 용두동 795-2,37.57114658,127.0285473,4063.0,신설동
13004,휘경마당,소공원,서울특별시 동대문구 휘경동 375-1,37.59108223,127.0611301,654.0,휘경1동
13005,장이,소공원,서울특별시 동대문구 장안동 587-1,37.57441814,127.0705664,1403.6,장안2동
13006,휘경,어린이공원,서울특별시 동대문구 휘경동 372-2,37.59351092,127.0678028,3426.3,휘경1동
13007,새움,어린이공원,서울특별시 동대문구 답십리동 1009-1,37.57076016,127.0486741,2107.0,답십리1동
13008,샛말,어린이공원,서울특별시 동대문구 전농동 695-1,37.57749,127.0501308,2545.0,전농1동
13009,솔바람,소공원,서울특별시 동대문구 용두동 794-1,37.57991757,127.030411,1763.2,용두동
13010,진달래,어린이공원,서울특별시 동대문구 휘경동 49-384,37.58449851,127.0686626,2345.0,휘경2동
13011,내길,소공원,서울특별시 동대문구 휘경동 368-4,37.59029026,127.0650995,514.9,휘경2동
13012,선농단,역사공원,서울특별시 동대문구 제기동 274-1,37.58118377,127.0318885,3933.0,제기동
13013,아름드리,어린이공원,서울특별시 동대문구 전농동 688-7,37.57902483,127.0596823,2626.5,전농2동
13014,작은언덕,소공원,서울특별시 동대문구 회기동 351-6,37.5893275,127.0540547,400.0,회기동
13015,꿈동산,어린이공원,서울특별시 동대문구 답십리동 1002-1,37.57329025,127.0458182,1570.7,답십리1동
13016,휘봉,어린이공원,서울특별시 동대문구 휘경동 43-275,37.58689393,127.069321,1398.0,휘경2동
13017,장령당,소공원,서울특별시 동대문구 답십리동 1004-4,37.5697319,127.0534939,1424.1,답십리1동
13018,새샘,근린공원,서울특별시 동대문구 답십리동 294-69,37.5689696,127.0549292,8910.1,답십리1동
13555,소일,어린이공원,경기도 부천시 소사구 소사본동 401-2,37.46881271,126.8037243,2002.4,소사본1동
13556,소원,어린이공원,경기도 부천시 원미구 소사동 32,37.48490447,126.7969642,2311.7,소사동
13557,소안,어린이공원,경기도 부천시 소사구 소사본동 135-14,37.47566377,126.8003564,1980.2,소사본1동
13558,소새울,근린공원,경기도 부천시 소사구 소사본동 157,37.47665529,126.7986998,13341.8,소사본1동
13559,소사대공원,근린공원,경기도 부천시 소사구 소사본동 334-3,37.46794208,126.7966443,39071.0,소사본동
13560,소망,어린이공원,경기도 부천시 원미구 상동 233,37.49205017,126.7629374,3300.4,상동
13739,용못내,근린공원,경기도 부천시 소사구 옥길동 735,37.46798953,126.8261054,19764.9,옥길동
13740,옥산,어린이공원,경기도 부천시 원미구 중동 1075,37.50400066,126.7783727,2023.8,중3동
13741,오정대,근린공원,경기도 부천시 오정구 오정동 1-3,37.52978294,126.7961418,119392.0,오정동
13742,연꽃,어린이공원,경기도 부천시 원미구 중동 1099,37.49702766,126.7819354,7958.1,중2동
13743,역곡,문화공원,경기도 부천시 원미구 역곡동 304,37.48828598,126.8034296,39063.2,역곡2동
13744,여월체육,체육공원,경기도 부천시 오정구 여월동 321,37.51433963,126.8045264,10927.9,성곡동
13745,여월근린,근린공원,경기도 부천시 오정구 여월동 318,37.51364095,126.8017452,84431.3,성곡동
13746,억새,어린이공원,경기도 부천시 원미구 약대동 216-7,37.51537136,126.7693176,2543.5,약대동
13747,어울마당,어린이공원,경기도 부천시 오정구 원종동 472,37.52814621,126.8044156,1514.0,원종2동
13748,어울림,근린공원,경기도 부천시 원미구 중동 1108,37.49986753,126.7782659,3460.2,중2동
13749,양지,어린이공원,경기도 부천시 소사구 괴안동 251-7,37.47656281,126.8135362,1848.9,역곡3동
13750,양은리,어린이공원,경기도 부천시 소사구 송내동 599-2,37.48047075,126.7738681,2163.1,송내2동
13751,양안,어린이공원,경기도 부천시 소사구 송내동 377-8,37.48436362,126.7676647,3462.1,송내2동
13752,약수,어린이공원,경기도 부천시 원미구 약대동 216-2,37.51706267,126.7663362,1500.0,약대동
13753,약대,근린공원,경기도 부천시 원미구 중동 1049,37.51108609,126.7677408,10398.8,중3동
13754,앞들수변공원,수변공원,경기도 부천시 소사구 계수동 74,37.45950281,126.8120605,7024.0,옥길동
13755,안중근,근린공원,경기도 부천시 원미구 중동 1169,37.5044416,126.7590373,17591.8,중1동
13756,안곡,어린이공원,경기도 부천시 원미구 역곡동 24-67,37.49068423,126.8161954,2573.0,역곡1동
13757,심곡천,문화공원,경기도 부천시 원미구 중동 1220,37.49369103,126.7799284,1158.8,중2동
13758,수주,근린공원,경기도 부천시 오정구 고강동 190-11,37.53004693,126.8125369,22130.0,고강1동
13759,송내,근린공원,경기도 부천시 소사구 송내동 449-28,37.47780823,126.7644203,45186.1,송내2동
13760,솔안말,어린이공원,경기도 부천시 소사구 송내동 335,37.48580572,126.7587106,3303.4,송내1동
13761,솔안,근린공원,경기도 부천시 원미구 상동 462,37.48807829,126.7572853,18801.0,상동
13762,소향,근린공원,경기도 부천시 원미구 중동 1184-4,37.497595,126.7728867,17273.8,중2동
13763,소중,어린이공원,경기도 부천시 소사구 소사본동 232-31,37.46978744,126.7945122,2325.1,소사본동
14073,대포산단 수변공원,수변공원,경기도 김포시 양촌읍 대포리 439,37.61809372,126.6311044,1979.0,양촌읍
14074,시네폴리스 체육공원1호,체육공원,경기도 김포시 걸포동 730,37.63689064,126.7229695,10758.0,김포본동
14075,학운(6)산단(52호),소공원,경기도 김포시 양촌읍 학운리 517,37.60137825,126.5994366,3575.0,양촌읍
14076,고막지구 소공원,소공원,경기도 김포시 월곶면 고막리 산50-2,37.73390966,126.564983,787.0,월곶면
14077,신곡6지구(25호)신곡2공원,소공원,경기도 김포시 고촌읍 신곡리 1295-85,37.59368651,126.753781,3357.0,고촌읍
14078,신곡6지구(24호)신곡1공원,소공원,경기도 김포시 고촌읍 신곡리 1008-47,37.58964782,126.7620796,2621.0,고촌읍
14079,학운3소공원51,소공원,경기도 김포시 양촌읍 학운리 3838,37.60676573,126.5962536,1524.0,양촌읍
14080,학운4-1 근린공원,근린공원,경기도 김포시 양촌읍 학운리 517,37.6076729,126.6166755,10035.0,양촌읍
14081,시네폴리스 근린공원1호,근린공원,경기도 김포시 고촌읍 향산리 586-43,37.63036323,126.7347124,10028.0,고촌읍
14082,사우5A 45호 근린공원,근린공원,경기도 김포시 사우동 산 15-2,37.61419028,126.7183756,35237.0,사우동
14083,대포산단 근린공원,근린공원,경기도 김포시 양촌읍 대포리 457,37.61203496,126.6288135,1979.0,양촌읍
14084,걸포3지구 걸포마루공원,근린공원,경기도 김포시 걸포동 262-2,37.63365761,126.7028179,20629.0,김포본동
14085,양곡어린이4,어린이공원,경기도 김포시 양촌읍 양곡리 1328,37.653534,126.630775,1519.0,양촌읍
14086,양곡어린이2,어린이공원,경기도 김포시 양촌읍 양곡리 1289,37.65785902,126.629497,4609.0,양촌읍
14087,양곡어린이1,어린이공원,경기도 김포시 양촌읍 양곡리 1244,37.66059923,126.634153,1519.0,양촌읍
14088,서암어린이,어린이공원,경기도 김포시 통진읍 서암리 1115,37.691098,126.603019,2487.0,통진읍
14089,장기근린3,근린공원,경기도 김포시 장기동 1763,37.63845003,126.6608428,43897.0,장기본동
14090,장기근린1,근린공원,경기도 김포시 장기동 1593,37.64194456,126.6717575,20701.0,장기동
14091,장기어린이4,어린이공원,경기도 김포시 장기동 1721,37.63819872,126.663159,1501.0,장기동
14092,장기어린이2,어린이공원,경기도 김포시 장기동 1630,37.643587,126.664539,1500.0,장기본동
14093,장기어린이1,어린이공원,경기도 김포시 장기동 1400,37.644436,126.670351,1500.0,장기동
14094,고촌어린이17,어린이공원,경기도 김포시 고촌읍 신곡리 1071,37.60204518,126.770953,2320.0,고촌읍
14095,율생체육공원,체육공원,경기도 김포시 대곶면 율생리 219-27,37.638648,126.594739,10926.0,대곶면
14096,파르코스체육공원,체육공원,경기도 김포시 고촌읍 신곡리 444-6,37.60842509,126.767315,14445.0,고촌읍
14097,고촌2관문공원,문화공원,경기도 김포시 고촌읍 신곡리 산112-1,37.60193464,126.7640696,26350.0,고촌읍
14098,고촌1관문공원,문화공원,경기도 김포시 고촌읍 신곡리 산108,37.605291,126.7655735,47412.0,고촌읍
14099,씨네문화공원1,문화공원,경기도 김포시 고촌읍 향산리 463-7,37.63080434,126.7398598,16820.0,고촌읍
14572,고촌물류단지(36호),근린공원,경기도 김포시 고촌읍 전호리 717,37.59313994,126.7900241,12706.0,고촌읍
14573,고촌물류단지(35호),근린공원,경기도 김포시 고촌읍 전호리 667,37.59760807,126.7825183,15586.0,고촌읍
14574,김포어린이30,어린이공원,경기도 김포시 감정동 54-2,37.633241,126.678747,3095.0,장기동
14575,사우택지5(김포어린이10),어린이공원,경기도 김포시 사우동 1043,37.621805,126.715035,2521.0,사우동
14576,학운2어린이47,어린이공원,경기도 김포시 양촌읍 학운리 3316,37.60499841,126.5938716,4651.0,양촌읍
14577,천둥근린공원(고촌10호),근린공원,경기도 김포시 고촌읍 신곡리 1250,37.59942793,126.7661085,39409.0,고촌읍
14578,사우택지6(김포어린이11),어린이공원,경기도 김포시 사우동 948,37.62026285,126.7177962,3042.0,사우동
14598,한강소공원1,소공원,경기도 김포시 마산동 672-4,37.63644984,126.6406948,622.0,마산동
14599,한강주제5,문화공원,경기도 김포시 운양동 1325-1,37.64482555,126.6945054,615683.0,운양동
14600,장기어린이3,어린이공원,경기도 김포시 장기동 1549,37.64098798,126.673035,3001.0,장기동
14601,고촌제1근린공원(고촌24호),근린공원,경기도 김포시 고촌읍 신곡리 1281,37.60739153,126.772291,10092.0,고촌읍
14602,양산근린1,근린공원,경기도 김포시 양촌읍 학운리 2963,37.61394934,126.6180768,9996.0,양촌읍
14603,항공근린공원1호,근린공원,경기도 김포시 대곶면 대벽리 1062,37.618575,126.571867,11096.0,대곶면
14604,학운3소공원50,소공원,경기도 김포시 양촌읍 학운리 1364,37.613844,126.607159,7467.0,양촌읍
14605,마송어린이5,어린이공원,경기도 김포시 통진읍 마송리 578,37.688547,126.605441,3451.0,통진읍
14606,한강소공원16,소공원,경기도 김포시 운양동 1283-9,37.64975581,126.6984292,528.0,운양동
14607,봉화공원(김포어린이5),어린이공원,경기도 김포시 북변동 720,37.6276172,126.704206,2357.0,김포본동
14608,신화공원(김포어린이3),어린이공원,경기도 김포시 감정동 675,37.625594,126.701173,4751.0,김포본동
14609,학운(2)산단(42호),근린공원,경기도 김포시 양촌읍 학운리 1758,37.613159,126.604448,19829.0,양촌읍
14610,학운2소공원51,소공원,경기도 김포시 양촌읍 학운리 3352,37.60282888,126.5906063,5407.0,양촌읍
14611,학운2체육공원4,체육공원,경기도 김포시 양촌읍 학운리 3376,37.60220176,126.5826327,10275.0,양촌읍
14612,김포소공원50,소공원,경기도 김포시 걸포동 1605,37.63197127,126.7050428,1265.0,김포본동
14613,삼환공원(김포어린이4),어린이공원,경기도 김포시 감정동 660,37.62828222,126.7010367,4149.0,김포본동
14614,신향근린공원(김포4호),근린공원,경기도 김포시 걸포동 1569,37.63282898,126.7089527,14104.0,김포본동
14615,걸포근린공원(김포3호),근린공원,경기도 김포시 걸포동 1553,37.6375945,126.7046722,148600.0,김포본동
14616,사우근린공원(김포6호),근린공원,경기도 김포시 사우동 864,37.62311082,126.7238324,9898.0,사우동
14617,풍년근린공원(김포5호),근린공원,경기도 김포시 북변동 831,37.6242764,126.7197748,10712.0,김포본동
14618,풍무2지구(김포27호),근린공원,"경기도 김포시 풍무동 940, 941",37.61079685,126.7298746,34435.0,풍무동
14619,풍무2지구(김포26호),근린공원,"경기도 김포시 풍무동 881, 882",37.61279416,126.7285316,29054.0,풍무동
14620,김포어린이41,어린이공원,경기도 김포시 풍무동 303-1,37.60632565,126.7326481,2000.0,풍무동
14621,김포어린이37,어린이공원,경기도 김포시 풍무동 907,37.61085296,126.7256255,1500.0,풍무동
14622,김포어린이35,어린이공원,경기도 김포시 풍무동 837,37.61468162,126.727581,1501.0,풍무동
14623,한강소공원22,소공원,경기도 김포시 마산동 674-5,37.642249,126.641989,1482.0,마산동
14703,고촌근린공원(고촌11호),근린공원,경기도 김포시 고촌읍 신곡리 1250,37.59942793,126.7661085,50769.0,고촌읍
14704,하성근린공원(태산패밀리파크),근린공원,경기도 김포시 하성면 석탄리 산109,37.723421,126.629738,180503.0,하성면
14705,북변근린공원(김포1호),근린공원,경기도 김포시 북변동 산5-1,37.6305171,126.707063,44500.0,김포본동
14706,한강근린8,근린공원,경기도 김포시 운양동 1304-3,37.65440809,126.6757316,11453.0,운양동
14707,한강근린7,근린공원,경기도 김포시 장기동 1888-15,37.64117499,126.6589177,99736.0,장기본동
14708,한강근린6,근린공원,경기도 김포시 마산동 641-1,37.63996711,126.6414376,22183.0,마산동
14709,한강근린5,근린공원,"경기도 김포시 마산동 634-1, 643-4",37.64242826,126.6396941,40717.0,마산동
14710,한강근린4,근린공원,경기도 김포시 구래동 637-11,37.645349,126.621312,17346.0,구래동
14711,한강근린3,근린공원,경기도 김포시 구래동 6893-4,37.63971883,126.6264526,10019.0,구래동
14712,한강근린2,근린공원,경기도 김포시 구래동 6874-18,37.650647,126.6303504,11138.0,구래동
14713,한강근린15,근린공원,경기도 김포시 운양동 1259-1,37.65379397,126.692612,17194.0,운양동
14714,한강근린13,근린공원,경기도 김포시 장기동 2001-1,37.6417667,126.676615,26663.0,장기동
14715,한강근린12,근린공원,경기도 김포시 마산동 621-1,37.64092255,126.6437674,122176.0,마산동
14716,풍무제1어린이공원,어린이공원,경기도 김포시 풍무동 765,37.603603,126.7264061,7123.0,풍무동
14717,한강어린이16,어린이공원,경기도 김포시 운양동 1316-1,37.6498851,126.6937336,6977.0,운양동
14718,한강어린이15,어린이공원,경기도 김포시 운양동 1315-1,37.65110745,126.6907111,6005.0,운양동
14719,한강어린이14,어린이공원,경기도 김포시 운양동 1274-12,37.65209308,126.6994601,2023.0,운양동
14720,한강어린이13,어린이공원,경기도 김포시 운양동 1293-1,37.65399551,126.6888122,8194.0,운양동
14721,한강어린이12,어린이공원,경기도 김포시 운양동 1326-11,37.65151619,126.6869323,3323.0,운양동
14722,장기어린이57,어린이공원,경기도 김포시 장기동 1323,37.648412,126.666625,1739.0,장기본동
14723,장기어린이56,어린이공원,경기도 김포시 장기동 1343,37.647849,126.667716,1906.0,장기본동
14724,양곡어린이3,어린이공원,경기도 김포시 양촌읍 양곡리 1267,37.657363,126.633526,2508.0,양촌읍
14725,장기근린2,근린공원,경기도 김포시 장기동 1641,37.641395,126.6662032,42824.0,장기본동
14726,김포어린이42,어린이공원,경기도 김포시 풍무동 258-28,37.610918,126.733963,1786.0,풍무동
14727,한강어린이6,어린이공원,경기도 김포시 마산동 650-9,37.63593722,126.6445398,1546.0,마산동
14728,한강소공원17,소공원,경기도 김포시 운양동 119-7,37.648037,126.698581,1088.0,운양동
14729,솔길,어린이공원,서울특별시 구로구 구로동 391-1,37.48918401,126.8804792,1999.0,구로2동
14730,미래사랑,어린이공원,서울특별시 구로구 신도림동 314-2,37.50984705,126.8890762,5870.0,신도림동
14731,애경,어린이공원,서울특별시 구로구 구로동 501-22,37.500156,126.8846598,2996.0,구로5동
14732,구로리,어린이공원,서울특별시 구로구 구로동 139-82,37.4904165,126.891578,7782.0,구로4동
14733,신도림,어린이공원,서울특별시 구로구 신도림동 646-1,37.51070916,126.8883753,2292.0,신도림동
14734,화원,어린이공원,서울특별시 구로구 구로동 478-1,37.49791653,126.8804405,4544.0,구로2동
14735,온수,어린이공원,서울특별시 구로구 온수동 73-5,37.494631,126.8177077,475.0,수궁동
14736,수른,어린이공원,서울특별시 구로구 궁동 279-6,37.49794413,126.829601,332.0,수궁동
14737,삭새,어린이공원,서울특별시 구로구 궁동 237-6,37.496337,126.825012,2077.0,수궁동
14738,삼각,어린이공원,서울특별시 구로구 구로동 47,37.50135772,126.8920128,2633.5,구로5동
14739,희망,어린이공원,서울특별시 구로구 구로동 745-74,37.48703809,126.886243,669.0,구로4동
14740,환경,어린이공원,서울특별시 구로구 구로동 797-1,37.48502191,126.888408,528.0,구로3동
14741,꿈마을,어린이공원,서울특별시 구로구 구로동 777-1,37.487173,126.8901545,909.0,구로3동
14742,도레미,어린이공원,서울특별시 구로구 고척동 331-1,37.508017,126.852322,326.3,고척2동
14743,골목,어린이공원,서울특별시 구로구 고척동 224-3,37.507017,126.853545,266.0,고척2동
14744,능골,어린이공원,서울특별시 구로구 고척동 220-3,37.506852,126.854254,357.0,고척2동
14745,오금,어린이공원,서울특별시 구로구 고척동 57-22,37.505038,126.866221,348.0,고척1동
14746,가린열,어린이공원,서울특별시 구로구 개봉동 458-4,37.500611,126.8542042,332.9,개봉1동
14747,절골,어린이공원,서울특별시 구로구 개봉동 312-25,37.482821,126.851652,369.0,개봉3동
14748,소막골,어린이공원,서울특별시 구로구 개봉동 271-17,37.48853123,126.852386,516.0,개봉3동
14749,개웅,어린이공원,서울특별시 구로구 개봉동 340-8,37.489928,126.852866,1797.4,개봉2동
14750,개봉,기타,서울특별시 구로구 개봉동 492-1,37.49958755,126.849609,3684.6,개봉1동
14751,항동,체육공원,서울특별시 구로구 항동 162,37.47613508,126.8220008,12813.0,항동
14752,고척,문화공원,서울특별시 구로구 고척동 100,37.49813087,126.8585712,3733.0,고척1동
14753,오류역,문화공원,서울특별시 구로구 오류동 299-29,37.49463217,126.8455221,7510.0,오류2동
14754,대성디큐브시티,문화공원,서울특별시 구로구 신도림동 692-1,37.50923794,126.8902377,3322.0,신도림동
14755,마송어린이1,어린이공원,경기도 김포시 통진읍 마송리 511,37.687948,126.593549,2649.0,통진읍
14756,양곡택지4,근린공원,경기도 김포시 양촌읍 양곡리 1243,37.66042968,126.634371,33183.0,양촌읍
14757,김포어린이26,어린이공원,경기도 김포시 풍무동 801,37.59786077,126.7252454,1916.0,풍무동
14758,김포어린이25,어린이공원,경기도 김포시 풍무동 774,37.60304904,126.7265121,1534.0,풍무동
14759,김포어린이24,어린이공원,경기도 김포시 풍무동 769,37.60312871,126.7224882,1572.0,풍무동
14760,애기봉평화공원,문화공원,경기도 김포시 월곶면 조강리 산4-1,37.71690003,126.550678,961743.0,월곶면
14761,장기소공원1,소공원,경기도 김포시 장기동 1846,37.645421,126.668148,447.0,장기본동
14762,서암체육공원,체육공원,경기도 김포시 통진읍 서암리 산47-1,37.704843,126.594518,49740.0,통진읍
14763,한강소공원21,소공원,경기도 김포시 운양동 1270-12,37.65276517,126.6966771,1513.0,운양동
14764,한강소공원20,소공원,경기도 김포시 장기동 1979-4,37.644906,126.669597,889.0,장기동
14765,한강소공원19,소공원,경기도 김포시 장기동 1944-6,37.64588068,126.6757983,585.0,장기동
14766,한강소공원18,소공원,경기도 김포시 장기동 2047-6,37.6400828,126.6734708,1526.0,장기동
14767,한강근린17,근린공원,경기도 김포시 마산동 615-8,37.64303442,126.6369573,18686.0,마산동
14768,한강근린16,근린공원,경기도 김포시 장기동 1868-3,37.64896722,126.6646424,6543.0,장기본동
14769,양촌어린이24,어린이공원,경기도 김포시 양촌읍 양곡리 471,37.657424,126.625493,3038.0,양촌읍
14770,한강근린11,근린공원,경기도 김포시 운양동 1986,37.659337,126.683227,15336.0,운양동
14771,한강근린10,근린공원,경기도 김포시 운양동 153-1,37.648552,126.695976,15305.0,운양동
14772,한강근린9,근린공원,경기도 김포시 운양동 1287-1,37.65199829,126.6973178,31172.0,운양동
14773,사우택지4(김포어린이9),어린이공원,경기도 김포시 사우동 910,37.61950978,126.722203,2377.0,사우동
14774,사우택지3(김포어린이8),어린이공원,경기도 김포시 북변동 813,37.622105,126.716824,2282.0,김포본동
14775,사우택지2(김포어린이7),어린이공원,경기도 김포시 북변동 804,37.624664,126.7142013,2037.0,김포본동
14776,사우택지1(김포어린이6),어린이공원,경기도 김포시 북변동 801,37.628034,126.712755,3479.0,김포본동
14777,사우구획2(김포어린이2),어린이공원,경기도 김포시 사우동 249-3,37.6175036,126.715786,1701.0,사우동
14778,사우구획1(김포어린이1),어린이공원,경기도 김포시 사우동 241-1,37.6187098,126.716742,1645.0,사우동
14779,통진근린공원1호(마송근린1),근린공원,경기도 김포시 통진읍 마송리 501,37.68853067,126.5931317,34163.0,통진읍
14780,월곶조각공원,근린공원,경기도 김포시 월곶면 고막리 산80,37.72380989,126.5519064,287293.0,월곶면
14804,김포어린이43,어린이공원,경기도 김포시 풍무동 1065,37.61006288,126.7303972,2670.0,풍무동
14805,김포문화공원28,문화공원,경기도 김포시 풍무동 1068,37.60647843,126.7326481,8662.0,풍무동
14806,고촌문화공원1,문화공원,경기도 김포시 고촌읍 신곡리 1294,37.602789,126.7706291,2658.0,고촌읍
14807,김포소공원31,소공원,경기도 김포시 감정동 626-38,37.61766905,126.702975,992.0,김포본동
14808,학운(3)산단(50호),근린공원,경기도 김포시 양촌읍 학운리 1394,37.611763,126.601345,11110.0,양촌읍
14809,학운3어린이61,어린이공원,경기도 김포시 양촌읍 학운리 1624,37.606618,126.595505,1640.0,양촌읍
14810,양산체육공원6,체육공원,경기도 김포시 양촌읍 학운리 3152,37.62193682,126.6297783,10263.0,양촌읍
14811,학운4어린이46,어린이공원,경기도 김포시 양촌읍 학운리 114-76,37.609897,126.618066,3702.0,양촌읍
14812,학운4어린이45,어린이공원,경기도 김포시 양촌읍 학운리 114-82,37.610718,126.616752,2576.0,양촌읍
14813,마송어린이4,어린이공원,경기도 김포시 통진읍 마송리 564-1,37.682417,126.607718,1902.0,통진읍
14814,마송어린이3,어린이공원,경기도 김포시 통진읍 마송리 27-2,37.68391859,126.602636,6513.0,통진읍
14815,마송어린이2,어린이공원,경기도 김포시 통진읍 마송리 533,37.685758,126.595901,2748.0,통진읍
14828,풍무5지구(풍무4공원),근린공원,경기도 김포시 풍무동 771,37.60132105,126.7244746,82934.0,풍무동
14829,고촌어린이112,어린이공원,경기도 김포시 고촌읍 태리 955-5,37.5873047,126.7560554,2000.0,고촌읍
14830,양산근린4,근린공원,경기도 김포시 양촌읍 학운리 3085,37.61161432,126.6231118,11694.0,양촌읍
14831,양산근린3,근린공원,경기도 김포시 양촌읍 학운리 3021,37.616571,126.6257771,10053.0,양촌읍
14832,신곡노을공원(고촌31호),근린공원,경기도 김포시 고촌읍 신곡리 1106,37.60413566,126.7726878,12881.0,고촌읍
14833,걸포어린이22,어린이공원,경기도 김포시 걸포동 1560,37.634949,126.7052284,3450.0,김포본동
14834,항공소공원1,소공원,경기도 김포시 대곶면 대벽리 산66-56,37.617583,126.580436,1968.0,대곶면
14835,고촌어린이21(수기3공원),어린이공원,경기도 김포시 고촌읍 신곡리 1268,37.596252,126.767048,1567.0,고촌읍
14836,고촌어린이20(수기2공원),어린이공원,경기도 김포시 고촌읍 신곡리 1260,37.596805,126.770145,1522.0,고촌읍
14837,고촌어린이19(수기1공원),어린이공원,경기도 김포시 고촌읍 신곡리 1249,37.60012704,126.767372,1715.0,고촌읍
14838,장기근린5,근린공원,경기도 김포시 장기동 1646,37.641246,126.667537,13988.0,장기동
14839,학운3어린이60,어린이공원,경기도 김포시 양촌읍 학운리 1621,37.606045,126.595042,5832.0,양촌읍
14840,학운3체육공원11,체육공원,경기도 김포시 양촌읍 학운리 581,37.606917,126.607259,15184.0,양촌읍
14841,장기근린4,근린공원,경기도 김포시 장기동 1539,37.64223325,126.673841,25280.0,장기동
14842,장기어린이5,어린이공원,경기도 김포시 장기동 1514,37.643765,126.672515,2062.0,장기동
14843,마송근린4,근린공원,경기도 김포시 통진읍 마송리 588,37.68576215,126.6064561,23217.0,통진읍
14844,마송근린3,근린공원,경기도 김포시 통진읍 마송리 551,37.6839591,126.6053702,20126.0,통진읍
14845,마송근린2,근린공원,경기도 김포시 통진읍 마송리 525,37.68710695,126.5983879,33961.0,통진읍
14846,양곡택지6,근린공원,경기도 김포시 양촌읍 양곡리 1331,37.65334319,126.629642,42860.0,양촌읍
14847,양곡택지5,근린공원,경기도 김포시 양촌읍 양곡리 1259,37.65585469,126.6322645,20439.0,양촌읍
14848,양곡근린3,근린공원,경기도 김포시 양촌읍 양곡리 1240,37.66162359,126.6314373,27832.0,양촌읍
14849,향산지구 제1어린이공원,어린이공원,경기도 김포시 고촌읍 향산리 17-4 일원,37.618245,126.748739,1872.0,고촌읍
14850,신곡6지구(25호)신곡2공원,소공원,경기도 김포시 고촌읍 신곡리 1295-85 일원,37.593645,126.754132,3357.0,고촌읍
14851,신곡6지구(24호)신곡1공원,소공원,경기도 김포시 고촌읍 신곡리 1008-47 일원,37.590035,126.761676,2621.0,고촌읍
14852,향산근린1,근린공원,경기도 김포시 고촌읍 향산리 109-15 일원,37.621727,126.7410683,28293.0,고촌읍
14853,김포어린이44,어린이공원,경기도 김포시 풍무동 932,37.608455,126.7255741,2193.0,풍무동
14854,김포소공원1-1,소공원,경기도 김포시 사우동 1482,37.62156364,126.7249607,9820.0,사우동
14855,한강소공원10,소공원,경기도 김포시 운양동 1317-1,37.64912544,126.6946818,1039.0,운양동
14856,한강소공원9,소공원,경기도 김포시 운양동 1292-4,37.65190877,126.6937668,770.0,운양동
14857,한강소공원8,소공원,경기도 김포시 운양동 1310-9,37.65113592,126.6888284,1100.0,운양동
14858,한강소공원7,소공원,경기도 김포시 장기동 2033-1,37.64073109,126.6734876,1194.0,장기동
14859,한강소공원6,소공원,경기도 김포시 장기동 1940-4,37.64746185,126.6750278,420.0,장기동
14860,한강소공원5,소공원,경기도 김포시 장기동 1898-6,37.64834473,126.6718046,2364.0,장기본동
14861,한강소공원4,소공원,경기도 김포시 장기동 1886-9,37.64512567,126.6638228,927.0,장기본동
14862,한강소공원3,소공원,경기도 김포시 마산동 652-1,37.63506063,126.6438722,1283.0,마산동
14863,한강주제3,체육공원,경기도 김포시 마산동 642-1,37.6405998,126.6482894,202470.0,마산동
14864,한강주제7,묘지공원,경기도 김포시 마산동 618-1,37.64706631,126.6391612,110002.0,마산동
14865,한강주제6,수변공원,경기도 김포시 운양동 1246-1,37.65478247,126.6993509,578615.0,운양동
14866,한강주제4,문화공원,경기도 김포시 장기동 642-1,37.645086,126.683913,74148.0,운양동
14867,한강주제2,문화공원,경기도 김포시 구래동 673-1,37.636147,126.631322,127592.0,마산동
14868,한강주제1,문화공원,경기도 김포시 마산동 617-1,37.64626036,126.633838,104511.0,마산동
14869,양산근린2,근린공원,경기도 김포시 양촌읍 학운리 2763,37.61980804,126.6184285,10141.0,양촌읍
14870,양산근린5,근린공원,경기도 김포시 양촌읍 학운리 3152,37.62193682,126.6297783,42308.0,양촌읍
14871,고촌어린이23,어린이공원,경기도 김포시 고촌읍 신곡리 1285,37.60427454,126.7681533,2179.0,고촌읍
14872,향산지구 제2어린이공원,어린이공원,경기도 김포시 고촌읍 향산리 17-4,37.61971648,126.7508317,4361.0,고촌읍
14873,향산지구 제1문화공원,문화공원,경기도 김포시 고촌읍 향산리 936-15,37.62005928,126.7513797,6798.0,고촌읍
14874,신곡6지구(26호)신곡3공원,어린이공원,경기도 김포시 고촌읍 신곡리 988,37.591936,126.758741,9827.0,고촌읍
14875,김포소공원1(북변소공원),소공원,경기도 김포시 북변동 431-50,37.62391619,126.709291,760.0,김포본동
14876,인향제1공원(고촌25호),근린공원,경기도 김포시 고촌읍 신곡리 890,37.59581593,126.761169,52269.0,고촌읍
14877,감정제3공원(김포21호),근린공원,경기도 김포시 감정동 산23-1,37.634277,126.682223,41680.0,장기동
14888,송파,근린공원,서울특별시 송파구 송파동 113,37.50633354,127.110451,6621.2,송파1동
14889,소리,근린공원,서울특별시 송파구 문정동 357,37.4816116181,127.1199678258,36638.3,문정2동
14890,삼전,근린공원,서울특별시 송파구 삼전동 62-1,37.50179286,127.0933328,6607.6,삼전동
14891,뽕나무,근린공원,서울특별시 송파구 잠실동 19-3,37.51397635,127.0816397,11704.9,잠실2동
14892,백토,근린공원,서울특별시 송파구 오금동 6,37.50811694,127.132113,10024.1,오금동
14893,방이,근린공원,서울특별시 송파구 방이동 52,37.51435318,127.1136443,6930.1,방이2동
14894,문정,근린공원,서울특별시 송파구 문정동 18-4 외,37.486486,127.128916,49972.0,장지동
14895,목련,근린공원,서울특별시 송파구 오금동 156,37.499035,127.138842,8127.4,오금동
14896,매미,근린공원,서울특별시 송파구 잠실동 35-4,37.50934354,127.0887161,8012.3,잠실3동
14897,마천,근린공원,서울특별시 송파구 마천동 11,37.50128584,127.1456483,10962.5,마천2동
14898,동산,근린공원,서울특별시 송파구 송파동 120,37.506226,127.1145005,5660.8,송파1동
14899,누에머리,근린공원,서울특별시 송파구 오금동 110,37.50381027,127.141799,18607.5,오금동
14900,글샘작은,근린공원,서울특별시 송파구 문정동 631,37.477494,127.1212146,10209.9,문정2동
14901,글샘,근린공원,"서울특별시 송파구 문정동 621,625",37.48044523,127.1205075,27289.9,문정2동
14902,건너말,근린공원,서울특별시 송파구 가락동 110,37.491603,127.123473,11327.8,가락본동
14903,거여,근린공원,서울특별시 송파구 거여동 11,37.497007,127.140981,16185.1,거여1동
14904,개롱,근린공원,서울특별시 송파구 가락동 195,37.493407,127.130026,21544.4,가락2동
14905,개나리,근린공원,서울특별시 송파구 잠실동 44-6,37.507553,127.0941112,6669.1,잠실3동
14906,가락,근린공원,서울특별시 송파구 가락동 37,37.498469,127.125124,27648.2,가락본동
14908,장기근린공원(장기46호),근린공원,경기도 김포시 장기동 1313,37.64799019,126.6636431,7133.0,장기본동
14909,한강어린이11,어린이공원,경기도 김포시 운양동 1326-2,37.65145654,126.6837765,2105.0,운양동
14910,한강어린이10,어린이공원,경기도 김포시 장기동 1300-10,37.645198,126.656034,8875.0,장기본동
14911,한강어린이9,어린이공원,경기도 김포시 장기동 2085-1,37.63846795,126.682037,7038.0,장기동
14912,한강어린이8,어린이공원,경기도 김포시 장기동 1866-4,37.65193038,126.6664531,4900.0,장기본동
14913,한강어린이7,어린이공원,경기도 김포시 마산동 662-5,37.63449687,126.6454444,2384.0,마산동
14914,한강어린이5,어린이공원,경기도 김포시 마산동 646-8,37.63638757,126.6449101,1541.0,마산동
14915,한강어린이4,어린이공원,경기도 김포시 마산동 620-1,37.64249909,126.6430566,2358.0,마산동
14916,한강어린이2,어린이공원,경기도 김포시 마산동 615-4,37.641411,126.635385,5141.0,마산동
14917,한강어린이1,어린이공원,경기도 김포시 구래동 6875-3,37.64894769,126.6311866,2161.0,구래동
14918,한강소공원15,소공원,경기도 김포시 운양동 1285-12,37.64975892,126.6974506,591.0,운양동
14919,한강소공원14,소공원,경기도 김포시 장기동 1993-1,37.644906,126.669597,720.0,장기동
14920,한강소공원13,소공원,경기도 김포시 장기동 2039-5,37.63888457,126.6739347,1344.0,장기동
14921,한강소공원12,소공원,경기도 김포시 운양동 644-5,37.655168,126.677114,905.0,운양동
14922,한강소공원11,소공원,경기도 김포시 운양동 1262-6,37.65347767,126.699825,747.0,운양동
15025,한별,어린이공원,서울특별시 동대문구 용두동 795-1,37.571552,127.0281015,1857.2,신설동
15026,푸르미르,기타(가로공원),서울특별시 동대문구 용두동 798-2,37.57786417,127.0431956,3303.9,용두동
15027,간데메,근린공원,서울특별시 동대문구 답십리동 471,37.57278098,127.0490643,15179.7,답십리1동
15028,용두6구역 대체공원,소공원,서울특별시 동대문구 답십리동 53-43,37.57234275,127.0583286,142.0,답십리2동
15138,효창6소공원,소공원,서울특별시 용산구 효창동 3-209,37.54826911,126.9631111,880.5,효창동
15139,녹색소공원,소공원,서울특별시 용산구 효창동 287-6,37.53937577,126.9625188,1569.9,효창동
15140,우정소공원,소공원,서울특별시 용산구 효창동 287-2,37.540454,126.9640942,806.1,효창동
15295,마분어린이공원(18호),어린이공원,경기도 안양시 동안구 관양동 1419-7,37.405433,126.962031,1700.2,관양동
15296,관양어린이공원(17호),어린이공원,경기도 안양시 동안구 관양동 1413-2,37.407534,126.961578,1694.3,관양동
15297,해동어린이공원(15호),어린이공원,경기도 안양시 동안구 관양동 1393-4,37.407421,126.956118,1700.0,관양동
15298,수목어린이공원(14호),어린이공원,경기도 안양시 동안구 관양동 1377,37.405105,126.9534961624,1207.5,관양동
15299,다보란어린이공원(13호),어린이공원,경기도 안양시 동안구 비산동 1051,37.403131,126.952049,1700.7,비산3동
15300,운곡공원(8호),근린공원,경기도 안양시 동안구 비산동 249-6,37.402484077,126.9486235965,30148.0,비산3동
15301,낙원어린이공원(6호),어린이공원,경기도 안양시 만안구 안양동 22-20,37.4132874926,126.920418,1653.0,안양2동
15302,임곡공원(24호),근린공원,경기도 안양시 동안구 비산동 산140,37.405528969,126.9389694913,35536.0,비산1동
15303,자유공원(13호),근린공원,경기도 안양시 동안구 호계동 1112,37.379981,126.964031,192491.4,갈산동
15304,호계공원(6호),근린공원,경기도 안양시 동안구 호계동 165-8,37.3804569235,126.9414111738,305583.9,호계2동
15305,생태예술공원(1호),문화공원,경기도 안양시 만안구 안양동 산16-1,37.4191389451,126.935980408,3282144.4,석수1동
15306,충훈공원(2호),문화공원,경기도 안양시 만안구 석수동 산178,37.4102250463,126.9002863532,106996.5,충훈동
15307,노송어린이공원(38호),어린이공원,경기도 안양시 만안구 안양동 521-1,37.386383,126.930565,1656.2,안양6동
15308,교화어린이공원(36호),어린이공원,경기도 안양시 만안구 안양동 396-1번지,37.393118,126.928904,1584.1,안양6동
15309,갈뫼어린이공원(5호),어린이공원,경기도 안양시 만안구 석수동 295-1,37.410823,126.907747,5836.6,석수2동
15310,새샘어린이공원(8호),어린이공원,경기도 안양시 만안구 안양동 824-11,37.404989,126.913767,943.3,안양2동
15311,냉천어린이공원(35호),어린이공원,경기도 안양시 만안구 안양동 627-311,37.395206,126.922031,1615.2,안양5동
15312,밤동산어린이공원(34호),어린이공원,경기도 안양시 만안구 안양동 711-94,37.396405,126.917639,1698.0,안양4동
15322,풍산지구 어린이2호,어린이공원,경기도 하남시 덕풍동 343-13,37.54651905,127.1984291,6852.0,덕풍3동
15323,하남해터지구,어린이공원,경기도 하남시 덕풍동 946,37.54365667,127.2039837,1500.0,덕풍3동
15324,풍산지구 어린이1호,어린이공원,경기도 하남시 덕풍동 708-7,37.55529203,127.2011636,1536.0,덕풍3동
15325,자이공원,어린이공원,경기도 하남시 덕풍동 361-2,37.53996214,127.1973457,1863.0,덕풍2동
15326,한마음공원,어린이공원,경기도 하남시 신장동 562-1,37.54165176,127.2097506,1550.0,신장2동
15327,새 싹 공 원,어린이공원,경기도 하남시 신장동 560-1,37.54271723,127.2127507,1559.0,신장2동
15328,한 솔 공 원,어린이공원,경기도 하남시 덕풍동 678,37.5356058,127.1955107,1390.0,덕풍1동
15329,꿈돌이공원,어린이공원,경기도 하남시 창우동 521-5,37.53645843,127.222966,3088.0,신장2동
15330,꿈나라공원,어린이공원,경기도 하남시 창우동 520-6,37.53742616,127.2221663,2762.0,신장2동
15331,은방울공원,어린이공원,경기도 하남시 창우동 518-2,37.54065829,127.2237555,3495.0,신장2동
15332,새나라공원,어린이공원,경기도 하남시 창우동 100-19,37.53952002,127.2281531,3280.0,천현동
15333,새희망공원,어린이공원,경기도 하남시 신장동 105-9,37.54074378,127.2208918,1511.0,신장2동
15334,꿈동산공원,어린이공원,경기도 하남시 신장동 524-12,37.54030608,127.2152786,1555.0,신장2동
15335,새고향공원,어린이공원,경기도 하남시 신장동 527-1,37.54312025,127.218857,1765.0,신장2동
15336,꿈나무공원,어린이공원,경기도 하남시 천현동 610-4,37.53520565,127.2120699,2283.0,천현동
15347,평안어린이공원(54호),어린이공원,경기도 안양시 동안구 평안동 899-6,37.387261,126.960979,5192.2,평안동
15348,꿈자람어린이공원(53호),어린이공원,경기도 안양시 동안구 범계동 1054-4,37.385395,126.955239,8814.2,범계동
15349,목련어린이공원(52호),어린이공원,경기도 안양시 동안구 범계동 1052-2,37.387475,126.954678,4408.2,범계동
15350,범계어린이공원(51호),어린이공원,경기도 안양시 동안구 범계동 1053-5,37.386634,126.951499,5069.5,범계동
15351,달안어린이공원(49호),어린이공원,경기도 안양시 동안구 달안동 1109-2,37.394627,126.951046,5865.1,달안동
15352,부안어린이공원(48호),어린이공원,경기도 안양시 동안구 부림동 1588-4,37.398401,126.960052,3351.4,부림동
15353,공작어린이공원(47호),어린이공원,경기도 안양시 동안구 부림동 1587-1,37.400371,126.958411,3970.6,부림동
15354,한가람어린이공원(46호),어린이공원,경기도 안양시 동안구 부림동 1586-3,37.398705,126.954179,3553.2,부림동
15355,희성어린이공원(43호),어린이공원,경기도 안양시 동안구 달안동 1101-3,37.397355,126.949504,4997.4,달안동
15356,부흥어린이공원(42호),어린이공원,경기도 안양시 동안구 부흥동 1103-3,37.393404,126.947627,3228.0,부흥동
15357,관악어린이공원(41호),어린이공원,경기도 안양시 동안구 부흥동 1102-6,37.394982,126.945634,4002.4,부흥동
15358,골안공원(14호),근린공원,경기도 안양시 만안구 안양동 1280,37.3774263954,126.9362214665,10818.2,안양8동
15359,학운공원(7호),근린공원,경기도 안양시 동안구 비산동 1100,37.39885166,126.9472781,52842.7,달안동
15360,청란어린이공원(2호),어린이공원,경기도 안양시 만안구 석수동 751,37.4086549012,126.8957233813,1787.2,충훈동
15361,늘푸른어린이공원(37호),어린이공원,경기도 안양시 만안구 안양동 528,37.387364186,126.9329,1793.6,안양6동
15362,인덕원어린이공원(69호),어린이공원,경기도 안양시 동안구 관양동 1509-1,37.397808,126.978497,1500.1,인덕원동
15363,새마을어린이공원(68호),어린이공원,경기도 안양시 동안구 관양동 1501-9,37.4004224315,126.9755930924,1689.3,인덕원동
15364,향기어린이공원(67호),어린이공원,경기도 안양시 동안구 관양동 1486-6,37.4022080754,126.9740659511,1693.2,인덕원동
15365,보은어린이공원(45호),어린이공원,경기도 안양시 동안구 관양동 1439-6,37.402361,126.954877,1699.4,관양동
15366,은하수어린이공원(44호),어린이공원,경기도 안양시 동안구 비산동 1057,37.4013273069,126.9518684208,1689.5,비산3동
15367,한미어린이공원(25호),어린이공원,경기도 안양시 동안구 관양동 1478,37.402978,126.972333,858.1,인덕원동
15368,부림어린이공원(24호),어린이공원,경기도 안양시 동안구 관양동 1471,37.403637,126.969859,1699.9,인덕원동
15369,증촌어린이공원(23호),어린이공원,경기도 안양시 동안구 관양동 1460-7,37.403708,126.965895,1683.9,인덕원동
15370,동안어린이공원(22호),어린이공원,경기도 안양시 동안구 관양동 1447-10,37.402909,126.960603,1683.3,관양동
15371,노을어린이공원(21호),어린이공원,경기도 안양시 동안구 관양동 1401,37.403511,126.9576012983,1035.0,관양동
15372,황금어린이공원(20호),어린이공원,경기도 안양시 동안구 관양동 1436-13,37.405615,126.968483,1674.4,관양동
15373,중촌어린이공원(19호),어린이공원,경기도 안양시 동안구 관양동 1430-5,37.4059327609,126.965564,1696.6,관양동
15374,호돌이어린이공원(1호),어린이공원,경기도 안양시 만안구 석수동 382-15,37.4314214932,126.9053450038,1500.0,석수1동
15375,개나리어린이공원(32호),어린이공원,경기도 안양시 만안구 안양동 873-39,37.401509,126.915317,1184.0,안양3동
15376,양지어린이공원(31호),어린이공원,경기도 안양시 만안구 안양동 897-24,37.400117,126.913616,970.0,안양3동
15377,꿈동산어린이공원(30호),어린이공원,경기도 안양시 만안구 안양동 695-190,37.4000714092,126.9178042237,698.5,안양3동
15378,꽃동산어린이공원(27호),어린이공원,경기도 안양시 만안구 박달동 94-114,37.401401,126.910713,1098.0,박달동
15379,효성어린이공원(33호),어린이공원,경기도 안양시 만안구 안양동 976-8,37.3925114273,126.903645,701.0,안양9동
15380,달래1어린이공원(29호),어린이공원,경기도 안양시 만안구 안양동 908-64,37.399599,126.911063,343.0,안양3동
15381,달래2어린이공원(28호),어린이공원,경기도 안양시 만안구 안양동 908-78,37.399898,126.911022,103.0,안양3동
15382,명학어린이공원(70호),어린이공원,경기도 안양시 만안구 안양동 1280-3,37.377624448,126.9382622332,1500.7,안양8동
15383,중앙공원(12호),근린공원,경기도 안양시 동안구 평촌동 895,37.390137,126.961331,119843.1,평안동
15384,희망공원(11호),근린공원,경기도 안양시 동안구 호계동 1053,37.3889971808,126.9493353318,9634.8,범계동
15385,평화공원(10호),근린공원,경기도 안양시 동안구 비산동 1104-2,37.390367703,126.9482385448,10019.2,부흥동
15386,평촌공원(9호),근린공원,경기도 안양시 동안구 관양동 1589-2,37.3960577636,126.9578030512,29598.7,부림동
15387,샘마을어린이공원(76호),어린이공원,경기도 안양시 동안구 갈산동 1118-2,37.376659,126.966548,1653.3,갈산동
15388,갈산어린이공원(75호),어린이공원,경기도 안양시 동안구 갈산동 1093,37.377411,126.961538,2492.3,갈산동
15389,흥안어린이공원(66호),어린이공원,경기도 안양시 동안구 갈산동 1113-1,37.380527,126.968118,3223.2,갈산동
15390,솔향어린이공원(65호),어린이공원,경기도 안양시 동안구 갈산동 1080,37.385549,126.953689,2871.0,범계동
15391,민백어린이공원(64호),어린이공원,경기도 안양시 동안구 귀인동 933-2,37.385673,126.969955,7536.9,귀인동
15392,꿈마을어린이공원(63호),어린이공원,경기도 안양시 동안구 귀인동 932-3,37.385734,126.966924,4505.4,귀인동
15393,먹거리촌어린이공원(62호),어린이공원,경기도 안양시 동안구 귀인동 927,37.385549,126.953689,3679.8,범계동
15394,귀인어린이공원(61호),어린이공원,경기도 안양시 동안구 귀인동 905,37.384511,126.961861,2003.7,귀인동
15395,무궁화어린이공원(60호),어린이공원,경기도 안양시 동안구 신촌동 1061,37.385549,126.953689,2756.9,범계동
15396,신기어린이공원(59호),어린이공원,경기도 안양시 동안구 신촌동 1056-1,37.382127,126.956894,3743.6,신촌동
15397,신촌어린이공원(58호),어린이공원,경기도 안양시 동안구 신촌동 1055-2,37.381207,126.954478,4448.6,신촌동
15398,럭키어린이공원(57호),어린이공원,경기도 안양시 동안구 평안동 897-6,37.390741,126.968951,4452.4,평안동
15399,대원어린이공원(56호),어린이공원,경기도 안양시 동안구 평안동 898-5,37.389662,126.965377,2390.6,평안동
15400,초원어린이공원(55호),어린이공원,경기도 안양시 동안구 평안동 896-3,37.390902,126.964116,4815.6,평안동
15401,상평촌어린이공원(103호),어린이공원,경기도 안양시 동안구 평촌동 72-5,37.395312,126.976501,1500.0,평촌동
15402,벌말소공원(5호),소공원,경기도 안양시 동안구 평촌동 75-17,37.3946553151,126.9770837831,500.0,평촌동
15403,청원소공원(6호),소공원,경기도 안양시 만안구 안양동 1415,37.4078936254,126.9181878484,1009.1,안양2동
15404,조일소공원(4호),소공원,경기도 안양시 동안구 호계동 1027-18,37.370536,126.947693,1580.9,호계1동
15405,박달어린이공원(101호),어린이공원,경기도 안양시 만안구 박달동 89-1,37.401111,126.9085280529,2718.0,박달동
15406,동편공원(20호),근린공원,경기도 안양시 동안구 관양동 1660,37.4099049124,126.9740262445,14840.4,관양동
15407,초롱어린이공원(102호),어린이공원,경기도 안양시 동안구 관양동 1702,37.4089473528,126.9731009426,1675.8,관양동
15408,소능골소공원(2호),소공원,경기도 안양시 동안구 관양동 1692,37.4077763463,126.9702887522,777.0,관양동
15409,주접어린이공원(100호),어린이공원,경기도 안양시 만안구 안양동 1396,37.391465,126.9332767909,3813.4,안양7동
15410,덕천1어린이공원(99호),어린이공원,경기도 안양시 만안구 안양동 1387,37.395755,126.9290424266,3335.0,안양7동
15411,연현어린이공원(92호),어린이공원,경기도 안양시 만안구 석수동 417-9,37.431056,126.900745,1512.0,석수2동
15412,솔개어린이공원(91호),어린이공원,경기도 안양시 만안구 석수동 423-80,37.434332,126.901924,1564.5,석수2동
15413,금성어린이공원(98호),어린이공원,경기도 안양시 동안구 호계동 533-17번지,37.373875,126.951141,1982.6,호계1동
15414,친목어린이공원(97호),어린이공원,경기도 안양시 만안구 박달동 929-9,37.409093,126.885709,5644.1,호현동
15415,한신어린이공원(90호),어린이공원,경기도 안양시 만안구 박달동 42번지,37.404386,126.906675,1370.0,박달동
15416,삼덕공원(16호),근린공원,경기도 안양시 만안구 안양동 782-24,37.397381,126.916411,19434.6,안양4동
15417,동산어린이공원(89호),어린이공원,경기도 안양시 만안구 석수동 485-20,37.4265673328,126.9023798201,520.0,석수2동
15418,꽃메산어린이공원(133호),어린이공원,경기도 안양시 만안구 석수동 787-5,37.408172,126.899852,5160.0,충훈동
15419,수풀내어린이공원(86호),어린이공원,경기도 안양시 동안구 비산동 1164,37.4009157762,126.9306568852,1899.4,비산1동
15420,병목안시민공원(5호),체육공원,경기도 안양시 만안구 안양동 산82-2,37.385288,126.907674,113141.0,안양9동
15421,송암어린이공원(81호),어린이공원,경기도 안양시 동안구 호계동 800-8,37.3659525867,126.9604705943,1504.8,호계3동
15422,호성어린이공원(80호),어린이공원,경기도 안양시 동안구 호계동 805-14,37.3655661903,126.9619594332,1500.3,호계3동
15423,포도원어린이공원(79호),어린이공원,경기도 안양시 동안구 호계동 813-8,37.3641554447,126.9626730159,1500.2,호계3동
15424,샘모루어린이공원(78호),어린이공원,경기도 안양시 동안구 비산동 425-8,37.400544,126.940846,1500.0,비산1동
15425,어우리지어린이공원(77호),어린이공원,경기도 안양시 동안구 비산동 455-3,37.4004533923,126.937327,1500.0,비산1동
15426,안말어린이공원(50호),어린이공원,경기도 안양시 동안구 호계동 918-28,37.385238,126.950438,1625.4,호계2동
15427,한라비발디어린이공원(26호),어린이공원,경기도 안양시 만안구 박달동 114-4,37.402229,126.902004,1710.0,호현동
15439,동화소공원(16호),소공원,경기도 안양시 만안구 안양동 1435,37.3919403075,126.9399603721,2110.4,안양7동
15440,어린이공원(113호),어린이공원,경기도 안양시 만안구 안양동 1451,37.4137488375,126.9201498115,2434.5,안양2동
15441,소공원(22호),소공원,경기도 안양시 만안구 안양동 1447,37.417611,126.9191393,1758.1,안양2동
15442,삼영어린이공원(112호),어린이공원,경기도 안양시 만안구 안양동 1441,37.413021,126.9144610663,3396.7,안양2동
15443,호돌어린이공원(111호),어린이공원,경기도 안양시 동안구 호계동 1292,37.3766187825,126.9566890134,2048.1,호계1동
15444,덕천2어린이공원(107호),어린이공원,경기도 안양시 만안구 안양동 1388,37.3962460334,126.929872,1737.0,안양7동
15445,푸르미어린이공원(제108호),어린이공원,경기도 안양시 만안구 안양동 1419,37.3885774471,126.9237194286,3809.5,안양6동
15446,하늘소공원(11호),소공원,경기도 안양시 만안구 안양동 1426,37.384931,126.921966,1290.0,안양6동
15447,대륭소공원(9호),소공원,경기도 안양시 동안구 관양동 224-21,37.3975637065,126.973997,1177.4,인덕원동
15448,어린이공원(105호),어린이공원,경기도 안양시 동안구 비산동 1178,37.3978707412,126.9383773416,2160.4,비산2동
15449,명학공원(22호),근린공원,경기도 안양시 만안구 안양동 572,37.38414914,126.9325686,11313.9,안양8동
15450,테크노벨리소공원(7호),소공원,경기도 안양시 만안구 안양동 196-47,37.389027,126.936531,885.4,안양7동
15451,해오름공원(19호),문화공원,경기도 안양시 동안구 관양동 1668,37.4104678889,126.970273661,40726.1,관양동
15452,수명어린이공원(120호),어린이공원,경기도 안양시 동안구 비산동 1196,37.400831,126.931102,3062.8,비산1동
15453,창박골체육공원(6호),체육공원,경기도 안양시 만안구 안양동 1090-2,37.382725,126.902587,13891.0,안양9동
15454,호암공원(31호),근린공원,경기도 안양시 만안구 석수동 497-5,37.4261062127,126.9062796124,6521.0,석수1동
15455,낙원소공원(48호),소공원,경기도 안양시 만안구 안양동 1302,37.417125,126.920016,993.4,안양2동
15456,덕수소공원(33호),소공원,경기도 안양시 만안구 석수동 865,37.433874,126.906241,216.4,시흥3동
15457,오비즈소공원(34호),소공원,경기도 안양시 동안구 관양동 1802-1,37.399262,126.969548,4385.2,인덕원동
15458,삼막소공원(31호),소공원,경기도 안양시 만안구 석수동 689번지,37.422699,126.912139,323.4,석수1동
15459,삼막소공원(30호),소공원,경기도 안양시 만안구 석수동 680-8번지,37.42269905,126.9121397,495.0,석수1동
15460,도담도담어린이공원(115호),어린이공원,경기도 안양시 동안구 호계동 1288,37.3758711124,126.9590751296,3597.4,호계1동
15461,어린이공원(116호),어린이공원,경기도 안양시 동안구 호계동 1303,37.3771338935,126.953762005,5522.8,호계2동
15462,소공원(26호),소공원,경기도 안양시 동안구 호계동 1305,37.3769635817,126.9545108574,820.6,호계2동
15463,소공원(25호),소공원,경기도 안양시 동안구 호계동 1304,37.3776106392,126.9545499604,642.4,호계2동
15464,소공원(24호),소공원,경기도 안양시 동안구 호계동 1308,37.37329949,126.9543518,2158.8,호계1동
15492,안양천 생태힐링공원(27호),문화공원,경기도 안양시 만안구 석수동 583,37.416868,126.896803598,72839.0,석수2동
15493,수리산 성지공원(2호),역사공원,경기도 안양시 만안구 안양동 1151-6번지,37.371414,126.904694,16656.0,안양9동
15494,덕현공원(34호),근린공원,경기도 안양시 동안구 호계동 1330,37.372175,126.962246,11148.5,호계1동
15495,비봉산힐링공원(35호),근린공원,경기도 안양시 동안구 비산동 산186-10번지,37.408538,126.930141,20527.3,비산1동
15496,평촌소공원(65호),소공원,경기도 안양시 동안구 평촌동 41-23,37.392608,126.97816,1240.0,평촌동
15497,맑은내소공원(49호),소공원,경기도 안양시 동안구 호계동 1316,37.366419,126.955071,820.2,호계3동
15498,포일공원(1호),근린공원,경기도 안양시 동안구 평촌동 999,37.395337035,126.9816542432,638.4,평촌동
15499,박달시장소공원(61호),소공원,경기도 안양시 만안구 박달동 74-13,37.402921,126.912265,500.0,박달동
15500,내비산소공원(60호),소공원,경기도 안양시 동안구 비산동122-3번지,37.409618,126.948027,304.4,비산3동
15501,소공원(56호),소공원,경기도 안양시 동안구 비산동 1181,37.3961058771,126.9396677392,500.0,비산2동
15502,간촌공원(32호),근린공원,경기도 안양시 동안구 관양동 1675,37.410985,126.968101,13874.0,관양동
15503,가람소공원(50호),소공원,경기도 안양시 동안구 호계동 1318,37.3664558785,126.9538042365,360.4,호계3동
15504,평촌스마트스퀘어 체육공원(7호),체육공원,경기도 안양시 동안구 관양동 1741번지,37.398717,126.964391,10052.0,인덕원동
15505,나루터,어린이공원,서울특별시 송파구 삼전동 37,37.501606,127.0867436,1472.9,삼전동
15506,꿈나무,어린이공원,서울특별시 송파구 오금동 117-1,37.5032386,127.141109,1496.3,오금동
15507,굴렁쇠,어린이공원,서울특별시 송파구 문정동 150-6,37.490223,127.1124333,1596.1,문정2동
15508,곰말,어린이공원,서울특별시 송파구 방이동 139,37.51190919,127.1177088,1707.2,방이2동
15509,거여,어린이공원,서울특별시 송파구 거여동 593-1,37.492626,127.1428082,756.6,거여1동
15510,거북이,어린이공원,서울특별시 송파구 송파동 243-1,37.50170298,127.119522,1594.0,송파2동
15511,개미,어린이공원,서울특별시 송파구 거여동 29,37.4921999,127.146735,1500.4,거여2동
15512,개나리,어린이공원,서울특별시 송파구 문정동 81,37.482425,127.1283131,1312.2,장지동
15513,가야금,어린이공원,서울특별시 송파구 오금동 21,37.508629,127.1293119,1500.0,오금동
15514,오금지구 근린공원,근린공원,서울특별시 송파구 오금동 106-1 일원,37.505504,127.140584,11488.0,오금동
15515,훼밀리,근린공원,서울특별시 송파구 문정동 150-5,37.49075881,127.1140908,10528.6,문정2동
15516,한우물,근린공원,"서울특별시 송파구 문정동 626,633",37.479138,127.1244919,11385.8,문정2동
15517,한양,근린공원,서울특별시 송파구 송파동 152,37.50407597,127.1153987,4842.4,송파2동
15518,하늘가람,근린공원,서울특별시 송파구 신천동 17-10,37.519327,127.106703,6612.0,잠실4동
15519,풍납,근린공원,서울특별시 송파구 풍납동 74,37.53809304,127.1217719,23746.0,풍납1동
15520,태양,근린공원,서울특별시 송파구 풍납동 389-2,37.52544289,127.1152157,6611.6,풍납2동
15521,천마,근린공원,서울특별시 송파구 마천동 산 2 외,37.500386,127.158815,182420.0,마천2동
15522,장지,근린공원,서울특별시 송파구 장지동 산 11 외,37.484721,127.134551,133122.1,장지동
15523,장수,근린공원,서울특별시 송파구 장지동 846,37.480889,127.1304766,9949.0,장지동
15524,잠실,근린공원,서울특별시 송파구 잠실동 230,37.50621827,127.084165,6613.3,잠실본동
15525,웃말,근린공원,서울특별시 송파구 가락동 21,37.50167671,127.123153,11098.2,가락본동
15526,온조마루,근린공원,서울특별시 송파구 신천동 20-1,37.5199244,127.1100846,6734.2,잠실4동
15527,오금,근린공원,서울특별시 송파구 오금동 51,37.499994,127.134853,219167.4,오금동
15528,연화,근린공원,서울특별시 송파구 문정동 92,37.485159989,127.1297173897,14318.2,장지동
15529,아시아,근린공원,서울특별시 송파구 잠실동 84,37.51068203,127.0759347,66027.8,잠실7동
15530,숯내,근린공원,서울특별시 송파구 문정동 150-8,37.48970385,127.111231,10206.5,문정2동
15531,송파나루,근린공원,"서울특별시 송파구 신천동 32, 잠실동 47",37.51210416,127.1077049,285757.6,잠실6동
15587,쌍둥이어린이공원,어린이공원,서울특별시 마포구 성산동 200-335,37.565742,126.906753,905.0,성산2동
15588,큰길어린이공원,어린이공원,서울특별시 마포구 성산동 200-50,37.567792,126.9082419,942.0,성산2동
15589,성황당어린이공원,어린이공원,서울특별시 마포구 성산동 147-5,37.569036,126.907328,1367.0,성산2동
15590,성메어린이공원,어린이공원,서울특별시 마포구 성산동 667-1,37.568099,126.914835,640.0,성산2동
15591,외주목어린이공원,어린이공원,서울특별시 마포구 성산동 587-18 일대,37.562753,126.907962,263.0,성산1동
15592,뒤뜰어린이공원,어린이공원,서울특별시 마포구 성산동 588-8,37.563171,126.909337,530.0,성산1동
15593,다솜어린이공원,어린이공원,서울특별시 마포구 성산동 113-2,37.562273,126.915497,975.0,성산1동
15594,은행나무어린이공원,어린이공원,서울특별시 마포구 연남동 250-1,37.564634,126.922412,994.0,연남동
15595,느티나무어린이공원,어린이공원,서울특별시 마포구 연남동 563-5,37.559509,126.918717,993.0,연남동
15596,망원새싹어린이공원,어린이공원,서울특별시 마포구 망원2동 509-1,37.559072,126.898531,559.0,망원2동
15597,두리어린이공원,어린이공원,서울특별시 마포구 망원2동 436-1,37.560249,126.901287,1007.0,망원2동
15598,옹달샘어린이공원,어린이공원,서울특별시 마포구 망원동 408-3,37.555005,126.902213,1134.0,망원1동
15599,한마음어린이공원,어린이공원,서울특별시 마포구 망원동 381-1,37.554689,126.908012,770.0,망원1동
15600,양화어린이공원,어린이공원,서울특별시 마포구 합정동 394-1,37.55035357,126.908449,1388.0,합정동
15601,합정어린이공원,어린이공원,서울특별시 마포구 서교동 489,37.551673,126.913138,3005.0,서교동
15602,동교어린이공원,어린이공원,서울특별시 마포구 동교동 197-17,37.560093,126.923451,978.0,서교동
15603,윗잔다리어린이공원,어린이공원,서울특별시 마포구 동교동 168-1,37.557013,126.925668,3251.0,서교동
15604,잔다리어린이공원,어린이공원,서울특별시 마포구 서교동 479-1,37.554524,126.9125323,774.0,서교동
15605,서교어린이공원,어린이공원,서울특별시 마포구 서교동 391-1,37.552019,126.915475,1761.0,서교동
15606,와우어린이공원,어린이공원,서울특별시 마포구 상수동 72-7,37.548829,126.925356,2924.0,서강동
15607,창전어린이공원,어린이공원,서울특별시 마포구 창전동 35-28,37.550161,126.929162,1185.0,서강동
15608,현석어린이공원,어린이공원,서울특별시 마포구 현석동 1-5,37.544342,126.933325,1622.0,신수동
15615,산수유어린이공원,어린이공원,서울특별시 마포구 상암동 1744,37.585485,126.879008,2011.0,상암동
15616,목련어린이공원,어린이공원,서울특별시 마포구 상암동 1742,37.58737473,126.880225,1501.0,상암동
15617,대흥어린이공원,어린이공원,서울특별시 마포구 대흥동 660-1,37.543749,126.943687,1486.0,용강동
15618,삼개어린이공원,어린이공원,서울특별시 마포구 도화동 555-1,37.540357,126.945076,3029.0,용강동
15619,도화소어린이공원,어린이공원,서울특별시 마포구 도화동 540,37.541053,126.945355,1646.0,용강동
15620,복사꽃어린이공원,어린이공원,서울특별시 마포구 도화동 533,37.538935,126.946352,1553.0,도화동
15621,마포어린이공원,어린이공원,서울특별시 마포구 마포동 350-5,37.535803,126.943667,2030.0,도화동
15622,공덕역어린이공원,어린이공원,"서울특별시 마포구 공덕동 467-1,2,3",37.545107,126.951301,2435.0,아현동
15623,큰더기어린이공원,어린이공원,서울특별시 마포구 공덕동 470-1,37.550169,126.953199,1949.0,아현동
15624,노고산공원,근린공원,서울특별시 마포구 대흥동 산1-30등17필지,37.551503,126.943063,528936.0,대흥동
15625,샛터공원,근린공원,서울특별시 마포구 성산동 200-326 등 19필지,37.566196,126.906188,31100.0,성산2동
15626,쌍룡산공원,근린공원,서울특별시 마포구 아현동 768,37.552928,126.950388,5791.0,아현동
15627,성산공원,근린공원,서울특별시 마포구 성산동 산11-1 등 38필지,37.562212,126.909895,103962.0,성산1동
15628,부엉이공원,근린공원,서울특별시 마포구 상암동 1735,37.58464695,126.8832829,17640.0,상암동
15629,와우공원,근린공원,서울특별시 마포구 창전동 3-231 등 59필지,37.552344,126.928984,73590.0,서강동
15630,구룡공원,근린공원,서울특별시 마포구 상암동 1583,37.582791,126.883713,14287.0,상암동
15631,매봉산공원,근린공원,서울특별시 마포구 상암동 1631,37.573807,126.8955799,13137.0,상암동
15632,상암공원,근린공원,서울특별시 마포구 상암동 산26-39,37.578696,126.883265,161153.0,상암동
15633,귀리어린이공원,어린이공원,서울특별시 마포구 상암동 1681,37.581473,126.880714,1504.0,상암동
15634,물치어린이공원,어린이공원,서울특별시 마포구 상암동 1656,37.577694,126.887921,1522.0,상암동
15635,부엉바위어린이공원,어린이공원,서울특별시 마포구 상암동 1636,37.575395,126.892472,1511.0,상암동
15636,휴암어린이공원,어린이공원,서울특별시 마포구 상암동 14-5,37.577136,126.895662,921.0,상암동
15637,새누리어린이공원,어린이공원,서울특별시 마포구 상암동 1619,37.575503,126.898226,2897.0,상암동
15638,개나리어린이공원,어린이공원,서울특별시 마포구 중동 40-5 일대,37.569918,126.909182,1481.0,성산2동
15639,샘터어린이공원,어린이공원,서울특별시 마포구 중동 36-34,37.569894,126.906749,123.0,성산2동
15640,중동어린이공원,어린이공원,서울특별시 마포구 중동 228,37.568461,126.910438,377.0,성산2동
15641,중동소어린이공원,어린이공원,서울특별시 마포구 중동 36-27,37.57067636,126.906726,779.0,성산2동
15642,성사천어린이공원,어린이공원,서울특별시 마포구 성산동 199-11,37.565373,126.904868,166.0,성산2동
15643,소금동네소공원,소공원,서울특별시 마포구 염리동 532-8,37.554097,126.9462813,1217.9,염리동
15644,큰우물소공원,소공원,서울특별시 마포구 공덕동 479-4,37.545536,126.9496393,547.4,아현동
15645,아소정소공원,소공원,서울특별시 마포구 공덕동 479-1,37.545468,126.9481693,1454.8,아현동
15646,독막소공원,소공원,서울특별시 마포구 대흥동 18-101일대,37.554491,126.943779,2626.0,대흥동
15647,무쇠막소공원,소공원,서울특별시 마포구 노고산동 123-1일원,37.552612,126.934174,449.1,대흥동
15648,노고산소공원,소공원,서울특별시 마포구 노고산동 57-53,37.555063,126.935013,1510.0,서교동
15649,현석소공원,소공원,서울특별시 마포구 현석동 225-2일대,37.542983,126.934492,6038.0,신수동
15650,산사나무소공원,소공원,서울특별시 마포구 상암동 1618-1,37.575268,126.896265,714.0,상암동
15651,상수소공원,소공원,서울특별시 마포구 상수동 399,37.545926,126.927163,1413.0,서강동
15652,상수나루소공원,소공원,서울특별시 마포구 상수동 402-2,37.54610993,126.926336,1359.0,서강동
15653,복자기소공원,소공원,서울특별시 마포구 신수동 460,37.545885,126.936601,707.0,신수동
15654,대흥소공원,소공원,서울특별시 마포구 대흥동 804-4,37.548567,126.941091,1820.0,대흥동
15655,용강소공원,소공원,서울특별시 마포구 용강동 507,37.543026,126.940308,951.0,용강동
15656,용강나루소공원,소공원,서울특별시 마포구 용강동 506,37.541863,126.942271,1088.0,용강동
15657,아현초록소공원,소공원,서울특별시 마포구 아현동 776,37.554389,126.953208,1035.0,아현동
15658,아현새싹소공원,소공원,서울특별시 마포구 아현동 786,37.551847,126.954409,613.0,아현동
15659,단풍소공원,소공원,서울특별시 마포구 공덕동 470-3,37.548729,126.953344,274.0,아현동
15660,만리재소공원,소공원,서울특별시 마포구 신공덕동 176,37.544438,126.955226,883.0,공덕동
15661,공덕소공원,소공원,서울특별시 마포구 공덕동 475-1일대,37.548506,126.954637,1310.0,공덕동
15662,염리어린이공원,어린이공원,서울특별시 마포구 염리동 533-10,37.549782,126.9464197,1933.0,염리동
15663,신수어린이공원,어린이공원,서울특별시 마포구 신수동 95-5일원,37.550366,126.933878,3792.2,신수동
15664,광흥창어린이공원,어린이공원,서울특별시 마포구 창전동 26-1,37.549512,126.930846,1353.0,서강동
15665,망원어린이공원,어린이공원,서울특별시 마포구 망원동 458-64,37.552132,126.904303,2862.0,망원1동
15666,애오개어린이공원,어린이공원,서울특별시 마포구 아현동 802번지 일대,37.555353,126.958672,1424.0,공덕동
15667,토정어린이공원,어린이공원,서울특별시 마포구 용강동 63-2,37.540558,126.943411,2631.0,용강동
15668,쌍룡산어린이공원,어린이공원,서울특별시 마포구 아현동 769,37.552173,126.950512,5911.0,아현동
15669,애오개도담어린이공원,어린이공원,서울특별시 마포구 아현동 800-6,37.553433,126.958529,3212.0,공덕동
15670,산딸나무어린이공원,어린이공원,서울특별시 마포구 상암동 1753,37.583547,126.877927,1499.0,상암동
15671,색동,어린이공원,서울특별시 관악구 신림동 1418-1,37.486533,126.932555,952.0,신림동
15672,새들,어린이공원,서울특별시 관악구 신림동 1441-42,37.48863225,126.925741,979.0,신림동
15673,남부,어린이공원,서울특별시 관악구 신림동 483-14,37.48480913,126.920679,990.0,신사동
15674,난우,어린이공원,서울특별시 관악구 신림동 652-160,37.466402,126.921869,241.0,난곡동
15675,예촌,어린이공원,서울특별시 관악구 남현동 1083-1,37.47453441,126.9768782,1509.0,남현동
15676,남현,어린이공원,서울특별시 관악구 남현동 602-333,37.47191194,126.981333,554.0,남현동
15677,상록,어린이공원,서울특별시 관악구 남현동 602-196,37.472906,126.980544,1557.0,남현동
15678,군아파트,어린이공원,서울특별시 관악구 남현동 602-143,37.471823,126.978932,926.0,남현동
15679,당곡,어린이공원,서울특별시 관악구 봉천동 662-122,37.48872668,126.9335718,294.0,보라매동
15680,해태,어린이공원,서울특별시 관악구 신림동 103-141,37.472323,126.940612,1359.0,서림동
15681,호박골,어린이공원,서울특별시 관악구 신림동 1580-22,37.48197587,126.923932,417.0,신원동
15682,상도근린공원,근린공원,서울특별시 관악구 봉천동 산 103-52,37.491879,126.9414281,87458.0,은천동
15686,아현어울림소공원,소공원,서울특별시 마포구 아현동 591-62일대,37.5563985,126.9507057,4429.6,아현동
15687,외국인묘지공원,묘지공원,서울특별시 마포구 합정동145-3 등 10필지,37.546524,126.911775,13224.0,합정동
15688,양화진역사공원,역사공원,서울특별시 마포구 합정동 139-21 일대,37.545546,126.911201,4804.0,합정동
15689,홍익문화공원,문화공원,서울특별시 마포구 서교동 359,37.552186,126.922987,2230.0,서교동
15690,휴암문화공원,문화공원,서울특별시 마포구 상암동 670,37.584722,126.8781707,5285.0,상암동
15691,물빛문화공원,문화공원,서울특별시 마포구 상암동 1608+1609,37.58003606,126.893162,5827.0,상암동
15692,DMC문화공원,문화공원,서울특별시 마포구 상암동 1611,37.578087,126.892245,3829.0,상암동
15693,가온문화공원,문화공원,서울특별시 마포구 상암동 1594,37.581827,126.887611,4631.0,상암동
15694,당인동문화공원,문화공원,서울특별시 마포구 당인동 27-9,37.545411,126.920154,301.0,서강동
15695,서강나루문화공원,문화공원,서울특별시 마포구 창전동 165-5,37.54527293,126.931077,2429.0,서강동
15696,밤섬문화공원,문화공원,서울특별시 마포구 신정동 76-1,37.542784,126.931869,1638.0,신수동
15697,쌍룡산소공원,소공원,서울특별시 마포구 염리동 533-1,37.55174941,126.9501341,885.9,염리동
15699,학다리,어린이공원,서울특별시 관악구 봉천동 647-175,37.488732,126.937591,221.0,보라매동
15700,신라,어린이공원,서울특별시 관악구 신림동 744-1,37.47360972,126.912623,514.0,미성동
15702,난곡,어린이공원,서울특별시 관악구 신림동 1563-56,37.47411595,126.9152598,695.0,미성동
15703,쑥고개,어린이공원,서울특별시 관악구 신림동 1564-68,37.475822,126.940794,1124.0,서림동
15704,봉림,어린이공원,서울특별시 관악구 신림동 1510-2,37.48272102,126.935717,988.0,서원동
15705,까치산근린공원,근린공원,서울특별시 관악구 봉천동 산66-1,37.47774405,126.9672315,64534.0,행운동
15708,국사봉,어린이공원,서울특별시 관악구 봉천동 1511-5,37.48999461,126.934035,454.0,보라매동
15710,비안,어린이공원,서울특별시 관악구 봉천동 1530-14,37.480767,126.9401567,1661.0,청룡동
15712,장군봉근린공원,근린공원,서울특별시 관악구 신림동 산1-1,37.478631,126.939049,128100.0,서원동
15714,무궁화,어린이공원,서울특별시 관악구 신림동 645-1,37.46963167,126.9235717,660.0,난곡동
15715,미도,어린이공원,서울특별시 관악구 신림동 675-200,37.462803,126.915263,978.0,난향동
15716,신화,어린이공원,서울특별시 관악구 신림동 408-10,37.47672757,126.935702,850.0,서림동
15718,송학,어린이공원,서울특별시 관악구 봉천동 877-21,37.480272,126.9493248,1013.0,청룡동
15721,국회단지,어린이공원,서울특별시 관악구 봉천동 635-37,37.49031557,126.9431126,1200.0,은천동
15722,은천,어린이공원,서울특별시 관악구 봉천동 635-309,37.488223,126.942996,443.0,은천동
15723,장군봉,소공원,서울특별시 관악구 신림동 94-252,37.4781262,126.939008,175.0,서원동
15724,새숲,어린이공원,서울특별시 관악구 신림동 539-14,37.4824133,126.9130864,991.0,조원동
15726,미림,어린이공원,서울특별시 관악구 신림동 254-256,37.466517,126.935286,185.0,대학동
15727,오성,어린이공원,서울특별시 관악구 신림동 655-104,37.467908,126.920805,225.0,난곡동
15728,영락,어린이공원,서울특별시 관악구 봉천동 1555-16,37.47682732,126.943804,206.0,청룡동
15729,해바라기,어린이공원,서울특별시 관악구 신림동 321-5,37.461967,126.930214,416.0,삼성동
15730,충효,어린이공원,서울특별시 관악구 봉천동 1526-1,37.48101912,126.941048,3188.0,청룡동
15731,인헌,어린이공원,서울특별시 관악구 봉천동 196-240,37.475334,126.962545,379.0,인헌동
15732,대협,어린이공원,서울특별시 관악구 신림동 746-32,37.47482451,126.913364,391.0,미성동
15733,목화,어린이공원,서울특별시 관악구 신림동 1716-1,37.46791528,126.942282,347.0,대학동
15734,남강,어린이공원,서울특별시 관악구 신림동 1678-12,37.47350474,126.924653,10350.0,난곡동
15735,도덕,문화공원,서울특별시 관악구 신림동 241-13,37.469331,126.938168,394.0,대학동
15736,서광,어린이공원,서울특별시 관악구 신림동 98-402,37.47521256,126.9427449,459.0,서림동
15737,한라,어린이공원,서울특별시 관악구 신림동 750-39,37.475633,126.914788,479.0,미성동
15738,장미,어린이공원,서울특별시 관악구 봉천동 148-103,37.47914524,126.9624068,423.0,행운동
15739,탑골,어린이공원,서울특별시 관악구 봉천동 1510,37.47451989,126.9611358,597.0,낙성대동
15740,사우촌,어린이공원,서울특별시 관악구 신림동 1555-1,37.467506,126.934163,339.0,대학동
15741,태양,어린이공원,서울특별시 관악구 신림동 1542-1,37.468445,126.936475,345.0,대학동
15742,연주대,소공원,서울특별시 관악구 신림동 231-6,37.469214,126.9420007,251.0,대학동
15746,청룡,어린이공원,서울특별시 관악구 봉천동 1557-34,37.477619,126.944732,853.0,청룡동
15749,교체,어린이공원,서울특별시 관악구 봉천동 196-193,37.4733206,126.9640439,813.0,인헌동
15750,원당,어린이공원,서울특별시 관악구 봉천동 196-2,37.474839,126.963329,1647.0,인헌동
15751,용담,어린이공원,서울특별시 관악구 봉천동 850-8,37.47550045,126.9436117,646.0,청룡동
15777,마로니에공원,문화공원,서울특별시 종로구 동숭동 1-124,37.580336,127.002513,5802.0,이화동
15778,북한산공원,근린공원,서울특별시 종로구 평창동 산6-17,37.601976,126.980549,19902.4,평창동
15779,인왕산공원,근린공원,서울특별시 종로구 옥인동 179-1,37.58302366,126.9634885,201704.0,청운효자동
15780,수송공원,근린공원,서울특별시 종로구 수송동 80-7,37.57375558,126.981143,3567.2,종로1.2.3.4가동
15781,흥인지문공원,근린공원,서울특별시 종로구 종로6가 70,37.57253066,127.0085453,11519.7,종로5.6가동
15782,숭인공원,근린공원,서울특별시 종로구 숭인동 58,37.57756126,127.0181626,45615.0,숭인1동
15783,와룡공원,근린공원,서울특별시 종로구 명륜3가 53-52,37.591168,126.990122,204369.0,혜화동
15784,삼청공원,근린공원,서울특별시 종로구 삼청동 산2-1,37.58769948,126.983451,468348.2,삼청동
15785,월암공원,근린공원,서울특별시 종로구 송월동 1-2,37.57077796,126.9657457,10662.0,교남동
15786,사직공원,근린공원,서울특별시 종로구 사직동 1-28,37.57628582,126.9682319,168099.8,사직동
15787,내수공원,근린공원,서울특별시 종로구 내수동 73-3,37.5723883,126.9715781,2192.2,사직동
15788,내수어울공원,근린공원,서울특별시 종로구 내수동 71-2,37.57368596,126.9703773,2392.1,사직동
15789,연지공원,근린공원,서울특별시 종로구 연지동 1-38,37.575758,127.0008075,2827.6,종로5.6가동
15790,탑골공원,근린공원,서울특별시 종로구 종로2가 38-1,37.570612,126.9880601,14808.7,종로1.2.3.4가동
15791,원서공원,근린공원,서울특별시 종로구 원서동 181,37.578234,126.988566,10004.6,가회동
15792,청진공원,근린공원,서울특별시 종로구 청진동 146-3,37.571415,126.9799007,2802.0,종로1.2.3.4가동
15793,창덕공원,근린공원,서울특별시 종로구 와룡동 2-71,37.578868,126.989712,491328.0,종로1.2.3.4가동
15794,남현,소공원,서울특별시 관악구 남현동 1063-1,37.47567778,126.9792771,1607.0,남현동
15795,남태령제2,소공원,서울특별시 관악구 남현동 612-52,37.471931,126.982172,1310.0,남현동
15796,까치산,소공원,서울특별시 관악구 봉천동 1728-2,37.48311896,126.960301,964.0,행운동
15797,봉천,어린이공원,서울특별시 관악구 봉천동 1707-2,37.46931172,126.9643575,652.0,인헌동
15798,행운동,소공원,서울특별시 관악구 봉천동 28-82,37.483375,126.959752,401.0,행운동
15799,합실,어린이공원,서울특별시 관악구 신림동 1704-4,37.46514148,126.927068,1297.0,삼성동
15800,양산,어린이공원,서울특별시 관악구 신림동 395-35,37.473626,126.932549,297.0,삼성동
15801,삼육,소공원,서울특별시 관악구 봉천동 661-118,37.487922,126.934307,119.0,보라매동
15802,약수,어린이공원,서울특별시 관악구 신림동 1685,37.473131,126.912442,533.0,미성동
15803,미성,소공원,서울특별시 관악구 신림동 762-2,37.477136,126.9137588,159.0,미성동
15804,공평공원,역사공원,서울특별시 종로구 인사동 275,37.571239,126.985571,219.9,종로1.2.3.4가동
15805,도렴공원,역사공원,서울특별시 종로구 신문로1가 240-2,37.57088839,126.9739644,832.8,사직동
15806,동묘공원,역사공원,서울특별시 종로구 숭인동 238-1,37.573162,127.018284,8450.0,숭인2동
15807,경희궁공원,역사공원,서울특별시 종로구 신문로2가 2-1,37.57176907,126.9679849,100930.0,사직동
15808,신문로공원,어린이공원,서울특별시 종로구 신문로2가 160-1,37.569026,126.9724105,665.0,사직동
15809,지봉골공원,어린이공원,서울특별시 종로구 창신동 산6-25,37.578947,127.014468,2508.0,창신3동
15810,경학공원,어린이공원,서울특별시 종로구 명륜3가 53-2,37.584487,126.996902,3269.0,혜화동
15811,연지1공원,어린이공원,서울특별시 종로구 연지동 136-92,37.57418874,127.001063,474.2,종로5.6가동
15812,인왕공원,어린이공원,서울특별시 종로구 무악동 55-1,37.577468,126.956975,1745.8,무악동
15813,새마을공원,어린이공원,서울특별시 종로구 평창동 327-1,37.606448,126.964642,397.0,평창동
15814,명륜공원,어린이공원,서울특별시 종로구 명륜1가 23-9,37.588055,126.998279,1149.5,혜화동
15815,옥인공원,어린이공원,서울특별시 종로구 옥인동 187-2,37.58231136,126.9623815,472.1,청운효자동
15816,감나무골공원,어린이공원,서울특별시 종로구 평창동 495-4,37.61276822,126.970377,2403.0,평창동
15817,참샘골공원,어린이공원,서울특별시 종로구 평창동 470,37.61517106,126.9746192,2737.0,평창동
15818,낙산공원,어린이공원,서울특별시 종로구 창신동 611-19,37.579546,127.010184,660.0,창신2동
15819,무악공원,어린이공원,서울특별시 종로구 무악동 산2-83,37.57745181,126.960547,5136.0,무악동
15820,창신공원,어린이공원,서울특별시 종로구 창신동 23-362,37.57798312,127.012931,710.0,창신3동
15821,의주공원,소공원,서울특별시 종로구 무악동 46-71,37.57384186,126.960267,364.0,무악동
15822,부암튼튼공원,소공원,서울특별시 종로구 부암동 262-1,37.59228294,126.9645674,1258.0,부암동
15823,소담공원,소공원,서울특별시 종로구 행촌동 211-4,37.572146,126.9616546,491.4,교남동
15824,솔빛공원,소공원,서울특별시 종로구 송월동 145-3,37.569973,126.965539,1793.3,교남동
15825,달바위공원,소공원,서울특별시 종로구 송월동 145-2,37.57065597,126.9654229,3317.8,교남동
15826,평창공원,소공원,서울특별시 종로구 평창동 108-3,37.61062979,126.9778078,1117.6,평창동
15827,덕수공원,소공원,서울특별시 종로구 신문로1가 174-7,37.569254,126.974735,869.2,사직동
15828,서린공원,소공원,서울특별시 종로구 서린동 82,37.569989,126.980784,1398.0,종로1.2.3.4가동
15829,후창공원,소공원,서울특별시 종로구 평창동 568-2,37.6101992,126.9646152,1920.0,평창동
15858,신  사,근린공원,서울특별시 은평구 신사동 산80-64일대,37.604686,126.915235,71848.1,역촌동
15859,연신어린이공원,어린이공원,서울특별시 은평구 불광동 339,37.6197194989,126.9250822702,1236.0,불광1동
15860,다래어린이공원,마을마당,서울특별시 은평구 응암동751-22,37.58716318,126.9190129,584.9,응암3동
15861,백련아름어린이공원,어린이공원,서울특별시 은평구 응암동 761-9,37.58705726,126.9230245,2244.3,응암2동
15862,불광동어린이공원,어린이공원,서울특별시 은평구 불광동 236-5,37.6163816849,126.9314597674,496.0,불광1동
15863,오래뜰어린이공원,어린이공원,서울특별시 은평구 응암동 742-9,37.5832990522,126.9161039427,1526.0,응암3동
15864,개나리어린이공원,근린공원,서울특별시 은평구 신사동 237-177,37.5956099811,126.90433228,2896.0,신사2동
15865,아까시아어린이공원,어린이공원,서울특별시 은평구 신사동 200-27,37.594425618,126.908655916,982.0,신사2동
15866,신흥어린이공원,어린이공원,서울특별시 은평구 신사동 31-2,37.5959470098,126.9119463532,937.9,신사1동
15867,가람어린이공원,어린이공원,서울특별시 은평구 불광동 448-51,37.586711,126.911699,249.0,증산동
15868,관동어린이공원,어린이공원,서울특별시 은평구 불광동 270-11,37.6136361654,126.9297610758,331.0,불광1동
15869,시내어린이공원,어린이공원,서울특별시 은평구 불광동 444-15,37.6250056546,126.9273307976,659.0,불광2동
16179,종점,어린이공원,경기도 부천시 오정구 작동 36,37.51808708,126.8196658,1509.2,성곡동
16180,정명,어린이공원,경기도 부천시 소사구 심곡본동 818,37.47611493,126.774793,1520.1,심곡본1동
16181,점말,어린이공원,경기도 부천시 오정구 여월동 309,37.51105326,126.7995059,4168.1,성곡동
16182,전원4단지,어린이공원,경기도 부천시 오정구 작동 382,37.50749562,126.8110247,2455.7,성곡동
16183,전원3단지,어린이공원,경기도 부천시 오정구 작동 371-4,37.50767072,126.8124199,1531.3,성곡동
16184,전원2단지,어린이공원,경기도 부천시 오정구 작동 344,37.51074933,126.8098951,3660.9,성곡동
16185,전원1단지,어린이공원,경기도 부천시 오정구 작동 367,37.51136,126.8133078,1575.7,성곡동
16186,전원,어린이공원,경기도 부천시 원미구 상동 595-2,37.49359134,126.7431171,2639.5,상2동
16187,장승백이,소공원,경기도 부천시 소사구 옥길동 762,37.46063786,126.8174657,1208.0,옥길동
16188,장말,어린이공원,경기도 부천시 원미구 중동 737,37.4943548,126.7650916,3468.7,중동
16189,작동,어린이공원,경기도 부천시 오정구 작동 10-3,37.51936599,126.8152776,1675.7,성곡동
16190,은혜,어린이공원,경기도 부천시 원미구 심곡동 302,37.49258722,126.7755416,2280.4,심곡3동
16191,은행,어린이공원,경기도 부천시 원미구 원미동 57,37.49618326,126.7908677,3743.3,원미1동
16192,은하수,어린이공원,경기도 부천시 소사구 소사본동 138-4,37.47765816,126.7967783,3306.2,소사본1동
16193,은하,어린이공원,경기도 부천시 원미구 중동 1038-1,37.50737104,126.7654099,5704.0,중4동
16194,은빛,어린이공원,경기도 부천시 원미구 역곡동 22,37.48407297,126.8022151,2974.6,역곡2동
16195,은데미,근린공원,경기도 부천시 오정구 원종동 산59,37.52052725,126.8116148,129525.0,성곡동
16196,율곡,어린이공원,경기도 부천시 소사구 심곡본동 652-2,37.48042485,126.7788935,2128.2,심곡본1동
16197,윗소사,어린이공원,경기도 부천시 소사구 소사본동 179,37.47405996,126.7945736,2800.2,소사본동
16198,원천,근린공원,경기도 부천시 원미구 상동 620-3,37.48990424,126.7456056,13099.8,상2동
16199,원종,어린이공원,경기도 부천시 오정구 원종동 358,37.51822156,126.8080743,3193.3,성곡동
16200,원미별빛,어린이공원,경기도 부천시 원미구 원미동 127-3,37.49226693,126.7876698,2638.6,원미2동
16201,원미,문화공원,경기도 부천시 원미구 원미동 15,37.4979854,126.7990398,230485.3,원미1동
16202,원골,어린이공원,경기도 부천시 원미구 약대동 203,37.51079829,126.7721797,3400.0,약대동
16203,웃고얀,근린공원,경기도 부천시 소사구 괴안동 263,37.47591785,126.8099646,27695.3,괴안동
16536,역북소공원 30호,소공원,경기도 용인시 처인구 역북동 430-17 일원,37.2374639,127.1946314,7123.0,역북동
16537,역북소공원29호,소공원,경기도 용인시 처인구 역북동 430-14,37.23745663,127.194019,3573.0,역북동
16538,소공원(굿모닝빌 옆),소공원,경기도 용인시 처인구 역북동 386-3,37.23871671,127.1926468,406.0,역북동
16539,소공원(제63호 새터말공원 옆),소공원,경기도 용인시 처인구 역북동 385-5,37.23892805,127.1915507,399.5,역북동
16540,백암소공원,소공원,경기도 용인시 처인구 백암면 근창리 101-8 일원,37.16344789,127.3692366,1317.0,백암면
16541,제일바이오 2호 소공원,소공원,경기도 용인시 처인구 백암면 근곡리 962,37.17821692,127.36941,1449.8,백암면
16542,제일바이오 1호 소공원,소공원,경기도 용인시 처인구 백암면 근곡리 959,37.17864482,127.3691492,551.3,백암면
16543,소공원(외대공원 옆),소공원,경기도 용인시 처인구 모현읍 왕산리 523-17 일원,37.33709866,127.2521688,911.0,모현읍
16544,소공원(천일빌리지 앞),소공원,경기도 용인시 처인구 마평동 740-66,37.23440257,127.2114638,279.0,동부동
16545,제36호 소공원(마평소공원),소공원,경기도 용인시 처인구 마평동 661-1 일원,37.23626792,127.2126291,401.0,동부동
16546,동막소공원,소공원,경기도 용인시 처인구 남사읍 통삼리 1013,37.13713928,127.1292736,498.2,남사읍
16547,소공언(금호어울림아파트 옆),소공원,경기도 용인시 처인구 김량장동 527,37.23681156,127.1978445,306.0,중앙동
16548,소공원(삼환아파트 앞),소공원,경기도 용인시 처인구 김량장동 503-1,37.23280856,127.1970494,887.0,중앙동
16549,용인중앙공원 1차,근린공원,경기도 용인시 처인구 김량장동 산37-16 일원,37.23170555,127.2083756,325543.0,중앙동
16550,별다올 근린공원(제54호),근린공원,경기도 용인시 수지구 성복동 192-24 일원,37.31394627,127.0749006,13533.0,성복동
16551,제55호 성복근린공원,근린공원,경기도 용인시 수지구 성복동 778,37.31681598,127.0634835,10556.6,성복동
16552,제63호(매봉) 근린공원(성서63),근린공원,경기도 용인시 수지구 성복동 481-28,37.31532965,127.0634084,11251.0,성복동
16553,동천2(동막)근린공원,근린공원,경기도 용인시 수지구 동천동 931,37.33169853,127.0912338,19660.0,동천동
16554,수진근린공원,근린공원,경기도 용인시 수지구 동천동 927,37.33409662,127.0862523,19064.0,동천동
16555,절골근린공원,근린공원,경기도 용인시 수지구 상현동 1104,37.31014855,127.0746268,9755.0,상현3동
16556,정암수목공원,근린공원,경기도 용인시 수지구 상현동 1139,37.29763597,127.0774432,123194.2,상현3동
16557,서봉숲속공원,근린공원,경기도 용인시 수지구 상현동 1151,37.29803997,127.0824677,80257.7,상현2동
16558,만현근린공원,근린공원,경기도 용인시 수지구 상현동 37 일원,37.31064549,127.0899222,10116.0,상현2동
16559,상현근린공원,근린공원,경기도 용인시 수지구 상현동 57-1,37.31186204,127.0871219,11591.0,상현2동
16560,소실봉근린공원,근린공원,경기도 용인시 수지구 상현동 1198,37.30765137,127.092408,19941.5,상현2동
16561,신봉근린공원,근린공원,경기도 용인시 수지구 성복동 735,37.3184368,127.081607,58620.0,성복동
16562,토끼구름 근린공원(제76호),근린공원,경기도 용인시 수지구 성복동 773,37.31515706,127.0702089,8558.0,성복동
16563,제80호 근린공원(신봉 힐링 공원),근린공원,경기도 용인시 수지구 신봉동 218-7,37.33136502,127.0677977,22982.0,신봉동
16564,도마치(신봉)공원,근린공원,경기도 용인시 수지구 신봉동 980 일원,37.32709966,127.0623948,16909.0,신봉동
16565,수지생태공원,근린공원,경기도 용인시 수지구 신봉동 877,37.32414401,127.0858969,97839.0,신봉동
16566,홍천말근린공원,근린공원,경기도 용인시 수지구 신봉동 913,37.32192043,127.0782464,9407.0,신봉동
16567,죽전디지털밸리 제2호 소공원,소공원,경기도 용인시 수지구 죽전동 23-9,37.33192402,127.133051,644.0,죽전1동
16568,죽전디지털밸리 제3호 소공원,소공원,경기도 용인시 수지구 죽전동 23-10,37.33193907,127.1337895,665.0,죽전1동
16569,죽전소공원,소공원,경기도 용인시 수지구 죽전동 1268,37.32424438,127.1169534,4628.0,죽전3동
16570,죽전디지털밸리 제4호 소공원,소공원,경기도 용인시 수지구 죽전동 12-14,37.332264,127.1366747,3561.0,죽전1동
16571,죽전디지털밸리 제1호 소공원,소공원,경기도 용인시 수지구 죽전동 12-11,37.33127223,127.1321346,1660.0,죽전1동
16572,성복 소공원,소공원,경기도 용인시 수지구 성복동 763,37.31858203,127.0672096,1500.0,성복동
16573,성서 소공원,소공원,경기도 용인시 수지구 성복동 481-4 일원,37.3155818,127.0637613,1811.0,성복동
16574,상현 소공원,소공원,경기도 용인시 수지구 상현동 66-24 일원,37.30908312,127.0855694,1408.0,상현2동
16575,냇가 소공원,소공원,경기도 용인시 수지구 상현동 23-1 일원,37.3141813,127.0906249,3247.0,상현2동
16576,새빛 소공원,소공원,경기도 용인시 수지구 상현동 1110,37.3017811,127.0749818,835.0,상현3동
16577,제28호소공원(신갈주공),소공원,경기도 용인시 기흥구 신갈동 733-1,37.28240602,127.1095945,1580.0,신갈동
16578,소공원(신미주앞),소공원,경기도 용인시 기흥구 신갈동 1-5,37.27913779,127.1066371,916.0,신갈동
16579,소공원(서그내마을 삼거리),소공원,경기도 용인시 기흥구 서천동 831 일원,37.2448381,127.0697696,1847.0,서농동
16580,서천소공원,소공원,경기도 용인시 기흥구 서천동 829 일원,37.24556942,127.0715875,3242.0,서농동
16581,상하소공원,소공원,경기도 용인시 기흥구 상하동 677 일원,37.26815522,127.1378112,1540.0,상하동
16582,소공원1(보정동),소공원,경기도 용인시 기흥구 보정동 산88-12 일원,37.31173215,127.0948133,3700.0,보정동
16583,보정동 소공원,소공원,경기도 용인시 기흥구 보정동 1400,37.30634909,127.1087622,883.0,보정동
16584,(마북지구)제5호 소공원,소공원,경기도 용인시 기흥구 마북동 648,37.30122867,127.122573,1450.0,마북동
16585,(마북지구) 제4호 소공원,소공원,경기도 용인시 기흥구 마북동 643,37.30314417,127.1238266,970.0,마북동
16586,(마북지구) 제1호 소공원,소공원,경기도 용인시 기흥구 마북동 640,37.30551437,127.1273195,3757.0,마북동
16587,소공원2(태영데시앙앞),소공원,경기도 용인시 기흥구 마북동 389-1 일원,37.29336979,127.1143483,1806.0,마북동
16588,소공원(우림앞),소공원,경기도 용인시 기흥구 구갈동 403-2 일원,37.27659672,127.1108401,658.0,구갈동
16589,국은 소공원,소공원,경기도 용인시 처인구 이동읍 덕성리 1283-2,37.16825431,127.2100338,8447.0,이동읍
16590,두루봉소공원,소공원,경기도 용인시 처인구 이동읍 덕성리 1266-7,37.17450977,127.2045467,277.0,이동읍
16591,달집소공원,소공원,경기도 용인시 처인구 이동읍 덕성리 1258-4,37.17713352,127.2054016,819.0,이동읍
16592,유곡 소공원,소공원,경기도 용인시 처인구 유방동 1100,37.25895338,127.1957154,1216.7,유림1동
16593,마중뜰소공원,소공원,경기도 용인시 처인구 역북동 801,37.2365455,127.1854329,2120.1,역북동
16594,소공원(용인역북신원아침도시아파트 옆),소공원,경기도 용인시 처인구 역북동 796 일원,37.23993176,127.1974964,926.7,역북동
16595,소공원(우남1차옆),소공원,경기도 용인시 처인구 역북동 788,37.24255578,127.1944717,1828.7,역북동
16596,소공원(제83호 벌터공원 옆),소공원,경기도 용인시 처인구 역북동 725-2 일원,37.23430875,127.1904651,887.0,역북동
16597,제80호 별학어린이공원,어린이공원,경기도 용인시 처인구 김량장동 351,37.23201947,127.2009722,1653.0,중앙동
16598,제84호 아리랑어린이공원,어린이공원,경기도 용인시 처인구 김량장동 503-2,37.23247099,127.1969343,1636.2,중앙동
16599,남사아곡 제3호 어린이공원(한숲 물내음),어린이공원,경기도 용인시 처인구 남사읍 아곡리 692,37.15256329,127.1693456,3515.0,남사읍
16600,남사아곡 제2호 어린이공원(한숲 무지개),어린이공원,경기도 용인시 처인구 남사읍 완장리 949-2,37.15717207,127.1725576,4595.0,남사읍
16601,남사아곡 제1호 어린이공원(한숲꽃내음),어린이공원,경기도 용인시 처인구 남사읍 완장리 945-2,37.16022317,127.17538,3076.0,남사읍
16602,제85호 마평어린이공원,어린이공원,경기도 용인시 처인구 마평동 758-3,37.23486122,127.2163746,3670.0,동부동
16603,제107호 모현어린이공원,어린이공원,경기도 용인시 처인구 모현읍 왕산리 949,37.33393818,127.2538619,5816.7,모현읍
16604,물방울어린이공원,어린이공원,경기도 용인시 처인구 삼가동 187-11 일원,37.24085798,127.1673156,1679.0,삼가동
16605,언덕어린이공원,어린이공원,경기도 용인시 처인구 삼가동 195-19 일원,37.24047571,127.1695371,1924.5,삼가동
16606,숲속어린이공원,어린이공원,경기도 용인시 처인구 삼가동 289-16 일원,37.23872386,127.1637377,4878.3,삼가동
16607,제76호 새터말어린이공원,어린이공원,경기도 용인시 처인구 역북동 381-2,37.23930818,127.1919734,1649.0,역북동
16608,제75호 미르어린이공원,어린이공원,경기도 용인시 처인구 역북동 419,37.23724658,127.1877529,1650.0,역북동
16609,제77호 샛별어린이공원,어린이공원,경기도 용인시 처인구 역북동 437,37.23649667,127.1916545,1653.0,역북동
16610,늘품어린이공원(역북도시개발사업),어린이공원,경기도 용인시 처인구 역북동 736-2 일원,37.23412027,127.1872598,3736.7,역북동
16611,제83호 벌터어린이공원,어린이공원,경기도 용인시 처인구 역북동 725-3,37.23407485,127.1900753,1809.0,역북동
16612,역북1 어린이공원,어린이공원,경기도 용인시 처인구 역북동 789 일원,37.2412896,127.1970999,1346.3,역북동
16613,제67호 유방어린이공원,어린이공원,경기도 용인시 처인구 유방동 287-4,37.2593318,127.2167613,2465.0,유림1동
16614,노루(제87호) 어린이공원,어린이공원,경기도 용인시 처인구 이동읍 천리 578-1,37.20525957,127.2065086,1225.0,이동읍
16615,제3호 송전어린이공원,어린이공원,경기도 용인시 처인구 이동읍 송전리 1228,37.13870496,127.2001665,5208.0,이동읍
16616,꿈빛(제39호)어린이공원,어린이공원,경기도 용인시 처인구 포곡읍 전대리 591,37.28165195,127.2202197,1417.5,포곡읍
16617,늘봄 어린이공원(제56호 어린이공원),어린이공원,경기도 용인시 처인구 포곡읍 둔전리 139-4 일원,37.2692232,127.2188945,1555.0,포곡읍
16618,제105호 포곡어린이공원,어린이공원,경기도 용인시 처인구 포곡읍 둔전리 450 일원,37.27292155,127.2217992,2558.0,포곡읍
16619,경안천벚길 어린이공원(제99호),어린이공원,경기도 용인시 처인구 포곡읍 삼계리 671-25 일원,37.28797374,127.2332122,1875.0,포곡읍
16620,풍덕소공원,소공원,경기도 용인시 수지구 풍덕천동 85-9,37.32270597,127.1012713,1004.0,풍덕천1동
16621,수풍소공원,소공원,경기도 용인시 수지구 풍덕천동 714-4,37.32413961,127.0969866,1247.0,풍덕천1동
16622,풍덕천소공원,소공원,경기도 용인시 수지구 풍덕천동 69-75,37.32448746,127.1006168,419.0,풍덕천1동
16623,초록빛 소공원,소공원,경기도 용인시 수지구 풍덕천동 1228,37.31381857,127.0854738,700.0,성복동
16624,노량소공원,소공원,경기도 용인시 수지구 풍덕천동 1204,37.32863518,127.1015344,1311.0,풍덕천1동
16625,두리소공원,소공원,경기도 용인시 수지구 풍덕천동 1199,37.32708332,127.0997294,8575.2,풍덕천1동
16626,흥덕1어린이공원(물병자리),어린이공원,경기도 용인시 기흥구 영덕동 1133-2,37.27245381,127.0933594,1502.0,영덕1동
16627,흥덕6어린이공원(작은곰별자리),어린이공원,경기도 용인시 기흥구 영덕동 1222,37.28050875,127.0792675,3319.0,영덕1동
16628,함박웃음 어린이공원(하갈지구),어린이공원,경기도 용인시 기흥구 영덕동 1268 일원,37.26628175,127.0948179,4248.0,영덕2동
16629,제58호 어린이공원(개나리),어린이공원,경기도 용인시 기흥구 영덕동 934,37.26780398,127.0774768,1500.0,영덕1동
16630,제59호 어린이공원(진달래),어린이공원,경기도 용인시 기흥구 영덕동 915,37.26931732,127.0755211,5937.0,영덕1동
16631,흥덕5어린이공원(쌍둥이별자리),어린이공원,경기도 용인시 기흥구 영덕동 998-1,37.27309177,127.0716314,1503.0,영덕1동
16632,동백제11호 어린이공원(아띠),어린이공원,경기도 용인시 기흥구 중동 1010-1,37.26371311,127.1604012,3595.0,동백2동
16633,동백제12호 어린이공원(해울),어린이공원,경기도 용인시 기흥구 중동 1044-1,37.26185461,127.1610014,4548.0,동백2동
16634,동백제10호 어린이공원(다솜),어린이공원,경기도 용인시 기흥구 중동 1049-1,37.2658892,127.1565947,4053.0,동백2동
16635,제91호 어린이공원(어정),어린이공원,경기도 용인시 기흥구 중동 1082,37.27722468,127.145632,1500.0,동백3동
16636,제90호 어린이공원(풀향기),어린이공원,경기도 용인시 기흥구 중동 1083,37.27793989,127.144758,1500.0,동백3동
16637,동진원제1호어린이공원,어린이공원,경기도 용인시 기흥구 중동 1097,37.28505075,127.1423936,2076.0,동백3동
16638,오르막내리막(동진원제2호)어린이공원,어린이공원,경기도 용인시 기흥구 중동 1101-1,37.28279847,127.1475996,1865.0,동백3동
16639,거인발자국(동진원제3호)어린이공원,어린이공원,경기도 용인시 기흥구 중동 1104,37.28044942,127.1443113,1631.0,동백3동
16640,중동어린이공원,어린이공원,경기도 용인시 기흥구 중동 1140 일원,37.2777852,127.1466099,4278.0,동백3동
16641,동백제6호 어린이공원(마루),어린이공원,경기도 용인시 기흥구 중동 873,37.27699686,127.1562897,3838.0,동백2동
16642,동백제13호 어린이공원(꽃내),어린이공원,경기도 용인시 기흥구 중동 884-1,37.27670773,127.1601619,1625.0,동백2동
16643,동백제7호 어린이공원(나래),어린이공원,경기도 용인시 기흥구 중동 938,37.27213554,127.1591357,1676.0,동백2동
16644,동백제8호 어린이공원(해거름),어린이공원,경기도 용인시 기흥구 중동 957,37.27058334,127.1570857,4049.0,동백2동
16645,동백제9호 어린이공원(해음),어린이공원,경기도 용인시 기흥구 중동 963,37.26704233,127.1584114,2144.0,동백2동
16646,구성3어린이공원(땅마을),어린이공원,경기도 용인시 기흥구 청덕동 489 일원,37.29781744,127.1509958,2449.0,구성동
16647,구성4어린이공원(숲속마을),어린이공원,경기도 용인시 기흥구 청덕동 500 일원,37.2961572,127.1523997,3071.0,구성동
16648,구성2어린이공원(바람마을),어린이공원,경기도 용인시 기흥구 청덕동 514 일원,37.29430479,127.1464414,1507.0,구성동
16649,구성1어린이공원(하늘마을),어린이공원,경기도 용인시 기흥구 청덕동 536 일원,37.29082581,127.1434466,1500.0,구성동
16650,구성5어린이공원(산마을),어린이공원,경기도 용인시 기흥구 청덕동 566 일원,37.29323481,127.1528585,2879.0,구성동
16651,꽃구름 어린이공원(제100호),어린이공원,경기도 용인시 처인구 고림동 389-1 일원,37.25145552,127.226013,3326.0,유림2동
16652,제78호 반디어린이공원,어린이공원,경기도 용인시 처인구 김량장동 291-1,37.23552717,127.1953665,1819.9,중앙동
16653,제79호 수여어린이공원,어린이공원,경기도 용인시 처인구 김량장동 320,37.23595682,127.198824,1653.6,중앙동
16654,제81호 처인어린이공원,어린이공원,경기도 용인시 처인구 김량장동 340,37.23419894,127.2026555,1556.0,중앙동
16655,제65호 어린이공원(농골),어린이공원,경기도 용인시 기흥구 상갈동 465 일원,37.26141073,127.1088685,2645.0,상갈동
16656,제66호 어린이공원(동아리),어린이공원,경기도 용인시 기흥구 상갈동 470,37.26510209,127.1059677,1552.0,상갈동
16657,제63호 어린이공원(금화3),어린이공원,경기도 용인시 기흥구 상갈동 481-2,37.26195094,127.1066298,1546.0,상갈동
16658,제86호 어린이공원(한아름),어린이공원,경기도 용인시 기흥구 상하동 631,37.27365466,127.1367754,1592.0,상하동
16659,제96호 어린이공원(지석2),어린이공원,경기도 용인시 기흥구 상하동 678 일원,37.26817703,127.1381999,3055.0,상하동
16660,제95호 어린이공원(지석1),어린이공원,경기도 용인시 기흥구 상하동 676 일원,37.26938313,127.1372066,1766.0,상하동
16661,서천1어린이공원(소리내음),어린이공원,경기도 용인시 기흥구 서천동 735,37.23989746,127.0740516,1507.0,서농동
16662,서천2어린이공원(희망내음),어린이공원,경기도 용인시 기흥구 서천동 742,37.2387687,127.069965,4251.0,서농동
16663,서천3어린이공원(풀내음),어린이공원,경기도 용인시 기흥구 서천동 751,37.23703829,127.0690586,2007.0,서농동
16664,서천4어린이공원(물내음),어린이공원,경기도 용인시 기흥구 서천동 784,37.23730085,127.0773485,2128.0,서농동
16665,서천5어린이공원(꽃내음),어린이공원,경기도 용인시 기흥구 서천동 800,37.23930779,127.0751148,1600.0,서농동
16666,서그내내음어린이공원,어린이공원,경기도 용인시 기흥구 서천동 832 일원,37.24502836,127.0745696,2430.0,서농동
16667,제35호 어린이공원(갈현),어린이공원,경기도 용인시 기흥구 신갈동 159-1,37.28152646,127.107443,2599.0,신갈동
16668,상미숲속 어린이공원(상미마을 113호),어린이공원,경기도 용인시 기흥구 신갈동 740 일원,37.27172155,127.0993307,7785.0,신갈동
16669,제32호 어린이공원(도현),어린이공원,경기도 용인시 기흥구 신갈동 165-1,37.28565407,127.1081922,3093.0,신갈동
16670,제33호 어린이공원(새릉골),어린이공원,경기도 용인시 기흥구 신갈동 166-1 일원,37.286062,127.1121498,1436.0,신갈동
16671,제43호 어린이공원(동오),어린이공원,경기도 용인시 기흥구 신갈동 2,37.27929153,127.1074711,1699.1,신갈동
16672,제45호 어린이공원(신갈중앙),어린이공원,경기도 용인시 기흥구 신갈동 33-4,37.27622109,127.1086092,1882.0,신갈동
16673,제41호 어린이공원(양지마을),어린이공원,경기도 용인시 기흥구 신갈동 397-13,37.27665908,127.10176,1898.0,신갈동
16674,제46호 어린이공원(신갈),어린이공원,경기도 용인시 기흥구 신갈동 44-8,37.2742375,127.1077211,1727.0,신갈동
16675,해늘 어린이공원(상미마을 112호),어린이공원,경기도 용인시 기흥구 신갈동 735,37.27591391,127.0990906,3370.0,신갈동
16676,제31호 어린이공원(달빛),어린이공원,경기도 용인시 기흥구 신갈동 692,37.28911459,127.1172802,1485.0,신갈동
16677,제30호 어린이공원(새천년),어린이공원,경기도 용인시 기흥구 신갈동 704,37.2888855,127.1143105,5535.9,신갈동
16678,제29호 어린이공원(녹원),어린이공원,경기도 용인시 기흥구 신갈동 708,37.28908945,127.1106634,1500.0,신갈동
16679,꿈날개 어린이공원,어린이공원,경기도 용인시 기흥구 언남동 512,37.29358107,127.1255448,3880.0,구성동
16680,하마비마을 어린이공원(제106호),어린이공원,경기도 용인시 기흥구 언남동 504,37.29440243,127.1251503,2580.0,구성동
16681,흥덕4어린이공원(황소별자리),어린이공원,경기도 용인시 기흥구 영덕동 1045-4,37.27105005,127.0802704,2428.0,영덕1동
16682,흥덕3어린이공원(양별자리),어린이공원,경기도 용인시 기흥구 영덕동 1075,37.27207995,127.0828794,3424.0,영덕1동
16683,흥덕2어린이공원(페가수스자리),어린이공원,경기도 용인시 기흥구 영덕동 1105-1 일원,37.2731734,127.0888918,1501.0,영덕1동
16684,제48호 어린이공원(캐슬),어린이공원,경기도 용인시 기흥구 구갈동 276-1,37.27719669,127.1185095,1546.8,구갈동
16685,제34호 어린이공원(가현),어린이공원,경기도 용인시 기흥구 구갈동 344-1,37.28323909,127.112493,2496.6,구갈동
16686,제50호 어린이공원(안마을),어린이공원,경기도 용인시 기흥구 구갈동 375-2,37.27770845,127.1167415,2195.9,구갈동
16687,제49호 어린이공원(한성),어린이공원,경기도 용인시 기흥구 구갈동 383-1,37.27790162,127.1142422,3720.0,구갈동
16688,제44호 어린이공원(관아),어린이공원,경기도 용인시 기흥구 구갈동 393-1,37.27797535,127.1106917,2589.0,구갈동
16689,제47호 어린이공원(관곡),어린이공원,경기도 용인시 기흥구 구갈동 407-1,37.27474613,127.1110766,1696.0,구갈동
16690,제51호 어린이공원(하늘채),어린이공원,경기도 용인시 기흥구 구갈동 549,37.27800797,127.1294644,1615.0,구갈동
16691,제52호 어린이공원(갈곡),어린이공원,경기도 용인시 기흥구 구갈동 584,37.2718928,127.1296066,1501.0,구갈동
16692,제53호 어린이공원(강남),어린이공원,경기도 용인시 기흥구 구갈동 602,37.26990964,127.1303828,1500.0,구갈동
16693,제54호 어린이공원(은하수),어린이공원,경기도 용인시 기흥구 구갈동 605 일원,37.27023022,127.1340681,1500.0,구갈동
16694,동백제5호 어린이공원(푸른내),어린이공원,경기도 용인시 기흥구 동백동 594,37.28279185,127.1633003,2958.9,동백1동
16695,동백제1호 어린이공원(가람),어린이공원,경기도 용인시 기흥구 동백동 609-5,37.28469867,127.1525426,1893.0,동백1동
16696,동백제3호 어린이공원(아라),어린이공원,경기도 용인시 기흥구 동백동 629,37.28040504,127.1530301,1557.0,동백1동
16697,동백제4호 어린이공원(들샘),어린이공원,경기도 용인시 기흥구 동백동 655,37.28249059,127.1560349,5523.0,동백1동
16698,동백제2호 어린이공원(누리),어린이공원,경기도 용인시 기흥구 동백동 680,37.28317192,127.1527632,4280.3,동백1동
16699,움찬 어린이공원(마북 제2호),어린이공원,경기도 용인시 기흥구 마북동 639,37.30165397,127.119711,1505.0,마북동
16700,보라1어린이공원(색동저고리),어린이공원,경기도 용인시 기흥구 보라동 592-1,37.25289635,127.1126782,2210.0,보라동
16701,보라2어린이공원(민속놀이),어린이공원,경기도 용인시 기흥구 보라동 615,37.25004124,127.1098079,2479.0,보라동
16702,보라3어린이공원(구슬치기),어린이공원,경기도 용인시 기흥구 보라동 618,37.24941778,127.1072157,2239.0,보라동
16703,보정제1호 어린이공원(신촌),어린이공원,경기도 용인시 기흥구 보정동 1201,37.32179999,127.1125141,1528.0,보정동
16704,보정제2호 어린이공원(꽃메),어린이공원,경기도 용인시 기흥구 보정동 1211,37.32078513,127.1162285,3324.0,죽전3동
16705,보정제3호 어린이공원(독정),어린이공원,경기도 용인시 기흥구 보정동 1235,37.31944163,127.1209739,3363.0,보정동
16706,보정제4호 어린이공원(죽현),어린이공원,경기도 용인시 기흥구 보정동 1270,37.31895551,127.1119257,2706.0,보정동
16707,보정제5호 어린이공원(포솔),어린이공원,경기도 용인시 기흥구 보정동 1284,37.31181472,127.1104082,1672.0,보정동
16708,보정제6호 어린이공원(은솔),어린이공원,경기도 용인시 기흥구 보정동 1296,37.30831743,127.1078708,2166.0,보정동
16709,보정제7호 어린이공원(해솔),어린이공원,경기도 용인시 기흥구 보정동 1315,37.30665039,127.1122681,1771.0,보정동
16710,제101호 어린이공원(상갈),어린이공원,경기도 용인시 기흥구 상갈동 102-5,37.26763322,127.1058181,1650.0,상갈동
16711,제62호 어린이공원(금화5),어린이공원,경기도 용인시 기흥구 상갈동 455,37.26696976,127.1101624,3145.0,상갈동
16712,제64호 어린이공원(금화1),어린이공원,경기도 용인시 기흥구 상갈동 461-2,37.26360991,127.1092521,1515.0,상갈동
16713,방아어린이공원,어린이공원,경기도 용인시 수지구 죽전동 1220,37.32994085,127.1255687,3281.0,죽전1동
16714,은행골어린이공원,어린이공원,경기도 용인시 수지구 죽전동 1234,37.32792161,127.1237621,1547.0,죽전3동
16715,내대지어린이공원,어린이공원,경기도 용인시 수지구 죽전동 1264 일원,37.32445013,127.1186669,3576.0,죽전3동
16716,나비어린이공원,어린이공원,경기도 용인시 수지구 죽전동 1271,37.32536949,127.1148241,1500.0,죽전3동
16717,숫내어린이공원,어린이공원,경기도 용인시 수지구 죽전동 1308,37.32355497,127.1217166,1600.0,죽전3동
16718,안골어린이공원,어린이공원,경기도 용인시 수지구 죽전동 1317,37.32222262,127.124556,2089.0,죽전3동
16719,완장어린이공원,어린이공원,경기도 용인시 수지구 죽전동 1366,37.33032846,127.1332567,2125.0,죽전1동
16720,안터어린이공원,어린이공원,경기도 용인시 수지구 죽전동 1370,37.33081636,127.1302587,4397.0,죽전1동
16721,죽전어린이공원,어린이공원,경기도 용인시 수지구 죽전동 1484,37.32973049,127.1168463,3809.0,죽전1동
16722,새말공원,어린이공원,경기도 용인시 수지구 풍덕천동 1015,37.32252082,127.0896848,2855.0,풍덕천2동
16723,무진이,어린이공원,경기도 용인시 수지구 풍덕천동 1044 일원,37.3176541,127.0859569,2010.0,풍덕천2동
16724,별빛공원,어린이공원,경기도 용인시 수지구 풍덕천동 1056,37.32048432,127.0878211,1885.0,풍덕천2동
16725,햇빛공원,어린이공원,경기도 용인시 수지구 풍덕천동 1122,37.31633826,127.0883859,1449.0,풍덕천2동
16726,임진,어린이공원,경기도 용인시 수지구 풍덕천동 1155,37.31800062,127.0938102,3065.0,풍덕천2동
16727,삼풍동공원,어린이공원,경기도 용인시 수지구 풍덕천동 663-2,37.33103309,127.095357,4162.0,풍덕천1동
16728,독골공원,어린이공원,경기도 용인시 수지구 풍덕천동 678-1,37.33226573,127.1006463,3558.0,풍덕천1동
16729,도장골공원,어린이공원,경기도 용인시 수지구 풍덕천동 692-2,37.32702396,127.0928494,5633.0,풍덕천1동
16730,방죽골공원,어린이공원,경기도 용인시 수지구 풍덕천동 695 일원,37.32528666,127.0897424,3344.0,풍덕천1동
16731,중앙공원,어린이공원,경기도 용인시 수지구 풍덕천동 700-2,37.32633581,127.0961596,3016.0,풍덕천1동
16732,토월공원,어린이공원,경기도 용인시 수지구 풍덕천동 721,37.32311784,127.0972933,2880.6,풍덕천1동
16733,풍덕천공원,어린이공원,경기도 용인시 수지구 풍덕천동 727,37.3239504,127.0993477,1575.0,풍덕천1동
16734,달빛공원,어린이공원,경기도 용인시 수지구 풍덕천동 733-1,37.32647645,127.0997944,2278.0,풍덕천1동
16735,보라지구 어린이 공원(그루터기),어린이공원,경기도 용인시 기흥구 보라동 662 일원,37.25456977,127.1130308,1697.0,보라동
16736,공세제1호 어린이공원(탑실),어린이공원,경기도 용인시 기흥구 공세동 712 일원,37.24540615,127.1207862,5812.0,기흥동
16737,보라4어린이공원(자작너울),어린이공원,경기도 용인시 기흥구 공세동 678 일원,37.243998,127.1098123,3886.0,기흥동
16738,보라5어린이공원(하늘마루),어린이공원,경기도 용인시 기흥구 공세동 681 일원,37.24239879,127.1071025,3300.0,기흥동
16739,공세제3호 어린이공원(버들),어린이공원,경기도 용인시 기흥구 공세동 695,37.24027341,127.1106946,4500.8,기흥동
16740,공세제2호 어린이공원(자봉),어린이공원,경기도 용인시 기흥구 공세동 697,37.24365623,127.1114359,9148.0,기흥동
16741,도담도담어린이공원(기흥역세권),어린이공원,경기도 용인시 기흥구 구갈동 669,37.27333429,127.1171579,6459.0,구갈동
16742,제36호 어린이공원(내기),어린이공원,경기도 용인시 기흥구 구갈동 271,37.28133463,127.1203325,1901.9,구갈동
16743,역사공원,역사공원,경기도 용인시 수지구 상현동 1185,37.29946291,127.0647442,8611.0,상현3동
16744,꿈마중 어린이공원(풍덕천3지구),어린이공원,경기도 용인시 수지구 풍덕천동 1237,37.32736874,127.0990622,5728.3,풍덕천1동
16745,손곡어린이공원,어린이공원,경기도 용인시 수지구 동천동 865,37.33746586,127.0954561,2773.0,동천동
16746,한빛어린이공원,어린이공원,경기도 용인시 수지구 동천동 934,37.3351647,127.0886676,1680.0,동천동
16747,빛가람어린이공원,어린이공원,경기도 용인시 수지구 동천동 955-2,37.33408757,127.0907194,1506.0,동천동
16748,손초어린이공원,어린이공원,경기도 용인시 수지구 동천동 968 일원,37.33881269,127.0842762,5740.0,동천동
16749,어린이공원,어린이공원,경기도 용인시 수지구 상현동 1109,37.30135828,127.076264,3820.0,상현3동
16750,거북이어린이공원,어린이공원,경기도 용인시 수지구 상현동 1114,37.29724499,127.0659549,2041.0,상현3동
16751,기차놀이어린이공원,어린이공원,경기도 용인시 수지구 상현동 1123,37.29989407,127.07339,2159.0,상현3동
16752,보물선어린이공원,어린이공원,경기도 용인시 수지구 상현동 1145-4,37.3002739,127.0815408,1522.0,상현2동
16753,심곡 어린이공원,어린이공원,경기도 용인시 수지구 상현동1212 일원,37.30500263,127.0717838,9098.0,상현3동
16754,제21호 어린이공원(별다올어린이공원),어린이공원,경기도 용인시 수지구 성복동 387-16,37.32136741,127.0608357,2744.4,성복동
16755,제104호 어린이공원(성서어린이공원),어린이공원,경기도 용인시 수지구 성복동 283-1 일원,37.31584106,127.0690596,3782.0,성복동
16756,제22호 어린이공원,어린이공원,경기도 용인시 수지구 성복동 295 일원,37.31890862,127.0665555,1970.0,성복동
16757,제90호 어린이공원,어린이공원,경기도 용인시 수지구 성복동 755 일원,37.31601735,127.0607586,634.0,성복동
16758,효자어린이공원,어린이공원,경기도 용인시 수지구 성복동 774,37.31486483,127.0711523,3853.5,성복동
16759,중말어린이공원,어린이공원,경기도 용인시 수지구 신봉동 148-2 일원,37.3282169,127.0744288,1808.0,신봉동
16760,신리어린이공원,어린이공원,경기도 용인시 수지구 신봉동 881,37.32278053,127.0815119,1500.0,신봉동
16761,홍천어린이공원,어린이공원,경기도 용인시 수지구 신봉동 900,37.32561629,127.0763629,1684.0,신봉동
16762,바지산어린이공원,어린이공원,경기도 용인시 수지구 신봉동 918,37.32022512,127.0775121,1500.0,신봉동
16763,신일어린이공원,어린이공원,경기도 용인시 수지구 신봉동 921,37.32827138,127.0773125,3068.0,신봉동
16764,신봉어린이공원,어린이공원,경기도 용인시 수지구 신봉동 943,37.32926433,127.0723013,2114.0,신봉동
16765,품목골 어린이공원,어린이공원,경기도 용인시 수지구 신봉동 947,37.33176736,127.0650965,1743.0,신봉동
16766,양지말어린이공원,어린이공원,경기도 용인시 수지구 신봉동 958,37.32923778,127.0699471,1664.0,신봉동
16767,상보골어린이공원,어린이공원,경기도 용인시 수지구 신봉동 977,37.32897765,127.0635819,1534.0,신봉동
16768,도마치어린이공원,어린이공원,경기도 용인시 수지구 신봉동 984,37.32708712,127.065109,1753.0,신봉동
16769,작은막어린이공원,어린이공원,경기도 용인시 수지구 죽전동 1166,37.333591,127.1228917,1604.0,죽전1동
16770,새터어린이공원,어린이공원,경기도 용인시 수지구 죽전동 1167,37.33375754,127.1190452,5100.0,죽전1동
16771,대덕어린이공원,어린이공원,경기도 용인시 수지구 죽전동 1181,37.33441353,127.1246123,1500.0,죽전1동
16772,무등치어린이공원,어린이공원,경기도 용인시 수지구 죽전동 1192,37.33122358,127.1258884,1526.0,죽전1동
16773,죽전 제13 어린이공원,어린이공원,경기도 용인시 수지구 죽전동 1196,37.33110471,127.1236056,1524.0,죽전1동
16774,숲마루 근린공원 2,근린공원,경기도 용인시 처인구 모현읍 왕산리 982번지,37.34651,127.2614,28934.6,모현읍
16775,바람숲 근린공원 1,근린공원,경기도 용인시 처인구 모현읍 왕산리 930번지,37.33362,127.25006,18398.3,모현읍
16776,별울림(성복1) 근린공원,근린공원,경기도 용인시 수지구 성복동 192-4번지 일원,37.31442,127.07218,23353.0,성복동
16777,보평 근린공원,근린공원,경기도 용인시 처인구 고림동 1030번지,37.26477,127.2178,18774.3,유림2동
16778,구름마루 어린이공원 4,어린이공원,경기도 용인시 처인구 모현읍 왕산리 984번지,37.34545,127.2578,2065.7,모현읍
16779,꿈마루 어린이공원 3,어린이공원,경기도 용인시 처인구 모현읍 왕산리 986번지,37.34375,127.254,2863.9,모현읍
16780,흙놀이 어린이공원 2,어린이공원,경기도 용인시 처인구 모현읍 왕산리 960번지,37.34628,127.2546,4048.6,모현읍
16781,물잔디 어린이공원 1,어린이공원,경기도 용인시 처인구 모현읍 왕산리 961번지,37.34631,127.2521,3638.3,모현읍
16782,중앙물빛 어린이공원,어린이공원,경기도 용인시 처인구 김량장동 308-4번지 일원,37.23384,127.2044,3924.0,중앙동
16783,고림무지개구름소공원,소공원,경기도 용인시 처인구 고림동 328-2번지,37.24481,127.2242,6539.9,유림2동
16784,고림푸른물결소공원,소공원,경기도 용인시 처인구 고림동 656-19번지,37.24685,127.2213,1292.0,유림2동
16785,한컴산단 소공원,소공원,경기도 용인시 처인구 양지면 송문리 124-4 일원,37.22313,127.26217,909.1,양지읍
16786,물빛하늘 소공원,소공원,경기도 용인시 처인구 고림동 1031번지,37.26535,127.2211,5750.7,유림2동
16787,언남3 체육공원,체육공원,경기도 용인시 기흥구 언남동 525번지,37.29868,127.1214,9998.0,구성동
16788,토월체육공원,체육공원,경기도 용인시 수지구 풍덕천동 1239,37.32823032,127.0837278,19474.0,풍덕천1동
16789,동천체육공원(60호),체육공원,경기도 용인시 수지구 동천동 872,37.33434752,127.0962632,19512.0,동천동
16790,신봉체육공원,체육공원,경기도 용인시 수지구 신봉동 963,37.32893441,127.0671418,15560.0,신봉동
16791,죽전체육공원(61호),체육공원,경기도 용인시 수지구 죽전동 555-4,37.33001542,127.1133709,12654.0,죽전1동
16792,수지체육공원(62호),체육공원,경기도 용인시 수지구 풍덕천동 산12-1일원,37.32925181,127.0972735,67667.0,풍덕천1동
16793,나곡체육공원,체육공원,경기도 용인시 기흥구 보라동 661,37.25528897,127.1172631,5232.0,보라동
16794,삼가체육공원,체육공원,경기도 용인시 처인구 삼가동 268-26 일원,37.23823531,127.1693019,17748.0,삼가동
16795,체육공원(78호),체육공원,경기도 용인시 처인구 포곡읍 금어리 373,37.27709181,127.248353,12588.0,포곡읍
16796,둔천체육공원(73호),체육공원,경기도 용인시 처인구 포곡읍 둔전리 422-2,37.26587757,127.2147921,9877.0,포곡읍
16797,성심묘지공원,묘지공원,경기도 용인시 수지구 동천동 산53-1 일원,37.34932658,127.0627334,94191.0,동천동
16798,천주교묘지공원,묘지공원,경기도 용인시 처인구 모현읍 오산리 325-4 일원,37.3211043,127.1465269,847474.0,모현읍
16799,용인묘지공원,묘지공원,경기도 용인시 처인구 모현읍 초부리 산67-6번지 일원,37.29542684,127.2560058,1342301.0,모현읍
16800,서울묘지공원,묘지공원,경기도 용인시 처인구 이동읍 서리 산4-8번지 일원,37.2201686,127.1743465,202150.0,이동읍
16801,신정문화공원,문화공원,경기도 용인시 수지구 풍덕천동 1088,37.32027656,127.0946856,15539.0,풍덕천2동
16802,뜨락문화공원,문화공원,경기도 용인시 기흥구 청덕동 545-1 일원,37.29142687,127.1456969,19417.0,구성동
16803,신대 문화공원,문화공원,경기도 용인시 처인구 역북동 816,37.23963089,127.1894643,7091.0,역북동
16804,역북문화공원(역북도시개발사업),문화공원,경기도 용인시 처인구 역북동 807 일원,37.2300682,127.1856861,21590.0,역북동
16911,방아다리2,근린공원,서울특별시 서초구 양재동 72,37.47804736,127.0352143,2934.0,양재1동
16912,방아다리1,근린공원,서울특별시 서초구 양재동 62,37.47833589,127.0355876,2871.0,양재1동
16913,반  포,근린공원,서울특별시 서초구 반포동 114-3,37.49885315,126.9905157,26092.0,반포2동
16935,색동,어린이공원,서울특별시 강북구 수유1동 49-7,37.6331377,127.0205711,2341.2,수유1동
16936,방  현,어린이공원,서울특별시 서초구 방배동 537-50,37.47849967,126.9916733,1782.0,방배3동
16937,안  산,어린이공원,서울특별시 서초구 방배동 979-44,37.480099,126.9924823,1616.0,방배2동
16938,정  문,어린이공원,서울특별시 서초구 방배동 985-3,37.48115675,126.9996186,993.0,방배3동
16939,너른골,어린이공원,서울특별시 서초구 방배동 144-18,37.48755334,126.9947018,1216.0,방배1동
16940,새  말,어린이공원,서울특별시 서초구 방배동 794-16,37.49331535,126.9886123,985.0,방배본동
16941,가  꿀,어린이공원,서울특별시 서초구 방배동 859-1,37.48797031,126.9875858,994.0,방배4동
16942,청  두,어린이공원,서울특별시 서초구 방배동 463-14,37.48062644,126.9850072,1658.0,방배2동
16943,뒷  벌,어린이공원,서울특별시 서초구 방배동 821-1,37.49090764,126.9869296,5795.0,방배4동
16944,도구머리,근린공원,서울특별시 서초구 방배동 산75-1,37.47955763,126.9881614,69578.0,방배2동
16945,서리풀,근린공원,서울특별시 서초구 방배동 산23-1,37.48465445,127.0004196,465938.0,방배1동
16946,세  빛,근린공원,서울특별시 서초구 반포동 2-15,37.50490907,126.9921285,3452.0,반포2동
16947,송  동,근린공원,서울특별시 서초구 우면동 777,37.45879452,127.0203373,27473.0,양재1동
16948,망  루,근린공원,서울특별시 서초구 우면동 703,37.46410507,127.0203438,56497.0,양재1동
16949,섬  들,근린공원,서울특별시 서초구 우면동 729,37.46274966,127.0264455,15590.0,양재1동
16950,태  봉,근린공원,서울특별시 서초구 우면동 694,37.46382044,127.0227555,26556.0,양재1동
16951,원  촌,근린공원,서울특별시 서초구 반포동 20-46,37.50591734,127.0102449,9942.0,반포1동
16952,신반포,근린공원,서울특별시 서초구 반포동 18-5,37.50164463,126.998977,13607.0,반포2동
16953,명  주,근린공원,서울특별시 서초구 잠원동 50-4,37.51717497,127.0151419,4953.0,잠원동
16954,서래골,근린공원,서울특별시 서초구 반포동 63-2,37.50162963,127.0030008,4691.0,반포4동
16955,바우뫼,근린공원,서울특별시 서초구 양재동 105,37.47456671,127.0344603,16386.0,양재1동
16956,고인돌,근린공원,서울특별시 서초구 양재동 390,37.4712537,127.0467744,4579.0,양재2동
16957,신  동,근린공원,서울특별시 서초구 잠원동 58-14,37.51436201,127.0145571,6648.0,잠원동
16958,잠  원,근린공원,서울특별시 서초구 잠원동 62-5,37.51292423,127.010142,2374.0,잠원동
16959,사평리,근린공원,서울특별시 서초구 잠원동 51-3,37.51987691,127.0147323,1914.0,잠원동
16960,명  달,근린공원,서울특별시 서초구 서초동 1313-17,37.49905292,127.0211215,5466.0,서초4동
16961,용허리,근린공원,서울특별시 서초구 서초동 1324-1,37.49428074,127.0230154,4642.0,서초2동
16962,양  재,근린공원,서울특별시 서초구 양재동 311,37.47189342,127.0424301,32523.0,양재2동
16963,마  방,근린공원,서울특별시 서초구 양재동 237,37.47230907,127.0382419,6547.0,양재2동
16964,양재천,근린공원,서울특별시 서초구 양재동 261-22,37.47661941,127.0422083,19258.0,양재2동
16965,염  곡,어린이공원,서울특별시 서초구 염곡동 143-9,37.4631546,127.0543869,1318.0,내곡동
16966,새쟁이,어린이공원,서울특별시 서초구 신원동 9-2,37.4355855,127.068648,1586.0,내곡동
16967,청계숲,어린이공원,서울특별시 서초구 신원동 251,37.44744861,127.0580069,1470.0,내곡동
16968,원  터,어린이공원,서울특별시 서초구 원지동 419-7,37.44358901,127.0552647,553.0,양재2동
16969,본마을,어린이공원,서울특별시 서초구 신원동 445,37.45454188,127.0531677,1234.0,내곡동
16970,세  원,어린이공원,서울특별시 서초구 신원동 500-5,37.45594398,127.0499506,1369.0,내곡동
16971,송  동,어린이공원,서울특별시 서초구 우면동 491,37.46111166,127.0155507,1042.0,양재1동
16972,식유촌,어린이공원,서울특별시 서초구 우면동 598-3,37.45788781,127.013385,1009.0,양재1동
16973,성형촌,어린이공원,서울특별시 서초구 우면동 211,37.46632965,127.0199789,2167.0,양재1동
16974,암  산,어린이공원,서울특별시 서초구 우면동 46-12,37.47327477,127.0256786,1506.0,양재1동
16975,종  열,어린이공원,서울특별시 서초구 양재동 103-4,37.47404511,127.0337157,848.0,양재1동
16976,서  래,어린이공원,서울특별시 서초구 반포동 71-6,37.49827251,127.0003099,997.0,반포4동
16977,청  룡,어린이공원,서울특별시 서초구 반포동 86-1,37.49587178,126.9997213,945.0,반포4동
16978,언구비,어린이공원,서울특별시 서초구 반포동 720,37.50893407,127.0201712,1032.0,반포1동
16979,주  흥,어린이공원,서울특별시 서초구 잠원동 33-6,37.51213309,127.0166762,959.0,잠원동
16980,싸리재,어린이공원,서울특별시 서초구 잠원동 30-10,37.51342232,127.0182498,992.0,잠원동
16981,고무래,어린이공원,서울특별시 서초구 반포동 30-5,37.50354045,127.0154238,5507.0,반포1동
16982,당  골,어린이공원,서울특별시 서초구 서초동 1436-6,37.48545764,127.022509,1616.0,서초1동
16983,하명달,어린이공원,서울특별시 서초구 서초동 1518-1,37.48583499,127.0054546,992.0,서초3동
16984,궁  현,어린이공원,서울특별시 서초구 서초동 1547-2,37.48834283,127.0103823,986.0,서초3동
16985,상명달,어린이공원,서울특별시 서초구 서초동 1488-4,37.48215525,127.0056396,992.0,서초3동
16986,분토골,어린이공원,서울특별시 서초구 서초동 1627-4,37.48837886,127.017457,999.0,서초1동
16987,마산말,어린이공원,서울특별시 서초구 서초동 1343-8,37.48719478,127.0267204,985.0,서초2동
16988,장  안,어린이공원,서울특별시 서초구 서초동 1556-5,37.49169948,127.011444,969.0,서초3동
16989,신  중,어린이공원,서울특별시 서초구 서초동 1484-14,37.48237076,127.010693,975.0,서초3동
16990,예  술,어린이공원,서울특별시 서초구 서초동 1455-4,37.48330429,127.0146705,1006.0,서초3동
16991,사도감,어린이공원,서울특별시 서초구 서초동 1359-12,37.4857832,127.0312471,947.0,서초2동
16992,동  덕,어린이공원,서울특별시 서초구 방배동 593-43,37.47556272,126.9937092,936.0,방배3동
16993,새  터,어린이공원,서울특별시 서초구 잠원동 70-6,37.5080907,127.0068092,1100.0,반포3동
16994,용  말,어린이공원,서울특별시 서초구 양재동 218-3,37.46283492,127.0346811,1995.0,양재2동
16995,횃  불,어린이공원,서울특별시 서초구 양재동 66-4,37.47830294,127.0375087,1497.0,양재1동
16996,두둑재,어린이공원,서울특별시 서초구 양재동 357,37.4679422,127.0440433,1704.0,양재2동
16997,샛  별,어린이공원,서울특별시 서초구 양재동 370-4,37.47031056,127.0446122,1500.0,양재2동
16998,버  들,어린이공원,서울특별시 서초구 양재동 298,37.47378665,127.0457123,1487.0,양재2동
16999,개  뜰,어린이공원,서울특별시 서초구 양재동 260,37.47399067,127.0411988,1530.0,양재2동
17000,미  도,어린이공원,서울특별시 서초구 반포동 53-1,37.50179061,127.0107365,988.0,반포4동
17001,코  아,어린이공원,서울특별시 서초구 잠원동 72-4,37.5089194,127.0040224,1717.0,반포3동
17002,교  대,어린이공원,서울특별시 서초구 서초동 1712-1,37.49430244,127.0115431,993.0,서초3동
17003,구  룡,어린이공원,서울특별시 서초구 양재동 399,37.47163961,127.0485047,1651.0,양재2동
17004,비  석,어린이공원,서울특별시 서초구 양재동 90-1,37.47876656,127.0410897,1501.0,양재1동
17005,장  미,어린이공원,서울특별시 서초구 반포동 915,37.50528152,126.9890691,4083.0,반포본동
17006,반  원,어린이공원,서울특별시 서초구 잠원동 72-1,37.50917278,127.0036765,6021.0,반포3동
17007,파랑새,어린이공원,서울특별시 서초구 반포동 4-2,37.50511775,126.9948227,4188.0,반포2동
17008,한  수,어린이공원,서울특별시 서초구 반포동 1226,37.50159119,126.9857678,4400.0,반포본동
17009,초  롱,어린이공원,서울특별시 서초구 반포동 1088,37.50071099,126.9912369,2575.0,반포본동
17010,푸  른,어린이공원,서울특별시 서초구 반포동 1041,37.50071099,126.9912369,1851.0,반포본동
17011,만  남,어린이공원,서울특별시 서초구 반포동 842,37.50159119,126.9857678,2965.0,반포본동
17012,나  리,어린이공원,서울특별시 서초구 반포동 789,37.50528152,126.9890691,4155.0,반포본동
17013,계  리,어린이공원,서울특별시 서초구 양재동 325,37.46966548,127.0405693,1058.0,양재2동
17014,잔  디,어린이공원,서울특별시 서초구 양재동 205-4,37.46624367,127.0354769,1664.0,양재2동
17015,동  산,어린이공원,서울특별시 서초구 양재동 376-3,37.47136085,127.0450508,1890.0,양재2동
17016,양  재,어린이공원,서울특별시 서초구 양재동 9-29,37.48335965,127.0392923,990.0,양재1동
17017,남태령,어린이공원,서울특별시 서초구 방배동 2956-4,37.46642554,126.9883749,1328.0,방배2동
17018,윗  샘,어린이공원,서울특별시 서초구 내곡동 1-2128,37.45848859,127.0716789,1084.0,내곡동
17019,아랫샘,어린이공원,서울특별시 서초구 내곡동 1-2173,37.46071017,127.0720756,1059.0,내곡동
17020,홍씨마을,어린이공원,서울특별시 서초구 내곡동 156-8,37.4531672,127.0656582,1461.0,내곡동
17021,안  골,어린이공원,서울특별시 서초구 내곡동 192-1,37.45619493,127.063186,1192.0,내곡동
17022,햇  살,소공원,서울특별시 서초구 내곡동 403,37.45477224,127.0648718,1095.0,내곡동
17023,새  봄,소공원,서울특별시 서초구 방배동 3278-1,37.47923779,127.0023586,1472.0,방배3동
17024,누  에,소공원,서울특별시 서초구 잠원동 160-3,37.50917125,127.00843,1720.0,반포3동
17025,서릿개,소공원,서울특별시 서초구 잠원동 159-1,37.51320071,127.0057007,3912.0,반포3동
17026,잠  원,소공원,서울특별시 서초구 잠원동 158-1,37.51579619,127.0118739,1500.0,잠원동
17027,달  님,소공원,서울특별시 서초구 방배동 424-30,37.4835872,126.9864631,260.0,방배2동
17028,솔  말,소공원,서울특별시 서초구 우면동 793,37.45972983,127.0259861,2720.0,양재1동
17029,꽃마을2,소공원,서울특별시 서초구 서초동 1499-17,37.49094168,127.0056374,381.0,서초3동
17030,꽃마을1,소공원,서울특별시 서초구 서초동 1500-6,37.490488,127.0071046,2441.0,서초3동
17031,큰마을,소공원,서울특별시 서초구 우면동 669,37.46694913,127.0212331,1964.0,양재1동
17032,오솔길,소공원,서울특별시 서초구 반포동 30-28,37.50335164,127.014708,2803.0,반포1동
17033,느티나무,소공원,서울특별시 서초구 염곡동 56-3,37.46397071,127.0545626,396.0,내곡동
17034,언  남,소공원,서울특별시 서초구 염곡동 53-3,37.46387163,127.0547305,306.0,내곡동
17035,서초무지개,어린이공원,서울특별시 서초구 서초동 1335,37.4835872,127.0326987,4395.0,서초2동
17036,으  뜸,어린이공원,서울특별시 서초구 서초동 1755-2,37.48893044,127.0284191,1749.0,서초2동
17037,가  온,어린이공원,서울특별시 서초구 신원동 572,37.45385057,127.0590231,1554.0,내곡동
17038,아  람,어린이공원,서울특별시 서초구 내곡동 412,37.45141951,127.0650828,1534.0,내곡동
17039,햇  님,어린이공원,서울특별시 서초구 방배동 424-29,37.48297335,126.9851406,2119.0,방배2동
17040,누리숲,어린이공원,서울특별시 서초구 서초동 1301-25,37.50201456,127.0210886,2233.0,서초4동
17041,샛  말,어린이공원,서울특별시 서초구 우면동 732,37.46193754,127.0245635,1645.0,양재1동
17042,섶다리,어린이공원,서울특별시 서초구 우면동 716,37.46369005,127.0275358,1730.0,양재1동
17043,새  싹,어린이공원,서울특별시 서초구 서초동 1686-10,37.49750742,127.0182664,840.0,서초4동
17044,효  령,어린이공원,서울특별시 서초구 방배동 960-14,37.48365972,126.9883999,1433.0,방배2동
17045,능  안,어린이공원,서울특별시 서초구 내곡동 168-10,37.4545086,127.0657519,1156.0,내곡동
17046,효  자,어린이공원,서울특별시 서초구 우면동 55,37.47351988,127.0244307,2481.0,양재1동
17047,동  문,어린이공원,서울특별시 서초구 우면동 70-1,37.47257227,127.0266908,1515.0,양재1동
17048,바우뫼,어린이공원,서울특별시 서초구 우면동 60,37.47065236,127.0234499,2024.0,양재1동
17049,아  름,어린이공원,서울특별시 서초구 잠원동 70-8,37.50743057,127.0047589,1100.0,반포3동
17050,늘푸른,어린이공원,서울특별시 서초구 잠원동 70-7,37.50830371,127.0055352,1600.0,반포3동
17051,능말근린공원,근린공원,경기도 용인시 처인구 역북동 469-1 일원,37.23815449,127.198833,11603.8,역북동
17052,남사아곡 제3호 근린공원(한숲 물빛공원),근린공원,경기도 용인시 처인구 남사읍 아곡리 681-1 일원,37.15437919,127.1698962,20322.2,남사읍
17053,남사아곡 제5호 근린공원(한숲하늘공원),근린공원,경기도 용인시 처인구 남사읍 아곡리 685 일원,37.15593879,127.1676607,20637.1,남사읍
17054,남사아곡 제4호 근린공원(한숲물방울공원),근린공원,경기도 용인시 처인구 남사읍 아곡리 705-1,37.14987257,127.171328,11086.6,남사읍
17055,남사아곡 제1호 근린공원(한숲산내음 공원),근린공원,경기도 용인시 처인구 남사읍 완장리 949-1,37.15896686,127.1705878,24568.8,남사읍
17056,남사아곡 제2호 근린공원(한숲 햇빛공원),근린공원,경기도 용인시 처인구 남사읍 완장리 952-4,37.1563139,127.1747863,31775.2,남사읍
17057,역북지구 근린공원(역북1지구),근린공원,경기도 용인시 처인구 역북동 780 일원,37.24417614,127.1954468,26492.0,역북동
17058,역동근린공원(역북도시개발사업 근린공원 1호),근린공원,경기도 용인시 처인구 역북동 810,37.23262946,127.1831391,14405.4,역북동
17059,번암근린공원,근린공원,경기도 용인시 처인구 역북동 733,37.23913972,127.1949872,59215.3,역북동
17060,동산근린공원(역북도시개발사업 근린공원 2호),근린공원,경기도 용인시 처인구 역북동 805,37.23196827,127.1852694,30000.8,역북동
17069,서초종합체육공원,체육공원,서울특별시 서초구 원지동 28,37.45895458,127.0423061,20923.0,양재2동
17070,청  계,수변공원,서울특별시 서초구 신원동 298-1,37.45164901,127.0529397,98587.0,내곡동
17071,신원천,수변공원,서울특별시 서초구 내곡동 188-6,37.4835872,127.0326987,11854.0,서초2동
17072,우  면,수변공원,서울특별시 서초구 우면동 749,37.45613057,127.0109898,21609.0,양재1동
17073,원베일리,소공원,서울특별시 서초구 반포동 1-13,37.50750565,126.9996531,3939.0,반포2동
17074,방배경남,소공원,서울특별시 서초구 방배동 3283-2,37.47734707,126.9996235,1662.0,방배3동
17075,잠원흥동,소공원,서울특별시 서초구 잠원동 162-1,37.50774296,127.0004471,2000.0,반포3동
17076,잠원성심,소공원,서울특별시 서초구 잠원동 161-1,37.51782658,127.0135614,2000.0,잠원동
17077,벌  말,소공원,서울특별시 서초구 신원동 626,37.44915846,127.0578674,1033.0,내곡동
17078,산  새,소공원,서울특별시 서초구 신원동 664,37.44596958,127.0576452,1166.0,내곡동
17079,상갈근린공원,근린공원,경기도 용인시 기흥구 상갈동 496 일원,37.26914663,127.1104379,146389.2,상갈동
17080,상하근린공원,근린공원,경기도 용인시 기흥구 상하동 661,37.25947775,127.1373763,18537.0,상하동
17081,서천근린공원,근린공원,경기도 용인시 기흥구 서천동 752 일원,37.23715224,127.0703077,27901.6,서농동
17082,남산근린공원,근린공원,경기도 용인시 기흥구 서천동 802 일원,37.23532362,127.0728929,23110.0,서농동
17083,서그네근린공원,근린공원,경기도 용인시 기흥구 서천동 820,37.23441987,127.0794192,51385.0,서농동
17084,갈천근린공원,근린공원,경기도 용인시 기흥구 신갈동 164,37.28423587,127.1102244,26037.0,신갈동
17085,제72호 근린공원(신갈공원),근린공원,경기도 용인시 기흥구 신갈동 488-10,37.27745327,127.0967086,31267.0,신갈동
17086,신릉근린공원,근린공원,경기도 용인시 기흥구 신갈동 683,37.29013472,127.1134642,36835.6,신갈동
17087,새천년근린공원,근린공원,경기도 용인시 기흥구 신갈동 699,37.28733865,127.1193516,23081.0,신갈동
17088,만골근린공원,근린공원,경기도 용인시 기흥구 신갈동 산14,37.28617851,127.1135998,81927.0,신갈동
17089,숲자람터 근린공원(영덕1근린공원),근린공원,경기도 용인시 기흥구 영덕동 1329 일원,37.26755638,127.0969496,85621.4,영덕2동
17090,샘골근린공원,근린공원,경기도 용인시 기흥구 영덕동 1026,37.27257814,127.0771559,271068.0,영덕1동
17091,덕골근린공원,근린공원,경기도 용인시 기흥구 영덕동 1210 일원,37.27703074,127.0753082,21480.0,영덕1동
17092,자은근린공원,근린공원,경기도 용인시 기흥구 영덕동 1234 일원,37.27441383,127.0860219,199836.0,영덕1동
17093,한길찬(9)근린공원,근린공원,경기도 용인시 기흥구 중동 1044,37.26105926,127.1601699,14131.0,동백2동
17094,토리(8)근린공원,근린공원,경기도 용인시 기흥구 중동 1049,37.26511891,127.1559112,11074.0,동백2동
17095,늘찬(7-3)근린공원,근린공원,경기도 용인시 기흥구 중동 1086,37.27196334,127.1500935,14908.0,동백2동
17096,보담(7-3)근린공원,근린공원,경기도 용인시 기흥구 중동 1087 일원,37.26915085,127.1527597,9164.0,동백2동
17097,동진원2공원,근린공원,경기도 용인시 기흥구 중동 1096-1 일원,37.28107184,127.1442402,12185.4,동백3동
17098,동진원1공원,근린공원,경기도 용인시 기흥구 중동 1099,37.28617383,127.1452561,34372.0,동백3동
17099,튼싹(7-1)근린공원,근린공원,경기도 용인시 기흥구 중동 833-1,37.2776957,127.1522687,9764.0,동백2동
17100,호수(7-2)근린공원,근린공원,경기도 용인시 기흥구 중동 843,37.27670429,127.150849,55008.0,동백2동
17101,한숲(6-3)근린공원,근린공원,경기도 용인시 기흥구 중동 862,37.27389677,127.1571253,127568.0,동백2동
17102,한들(5-3)근린공원,근린공원,경기도 용인시 기흥구 중동 877 일원,37.27784837,127.159087,118446.0,동백2동
17103,해놀(6-2)근린공원,근린공원,경기도 용인시 기흥구 중동 921,37.27414594,127.1580486,41333.0,동백2동
17104,아람근린공원,근린공원,경기도 용인시 기흥구 청덕동 564 일원,37.29427188,127.1533356,51940.0,구성동
17105,풀벌레근린공원,근린공원,경기도 용인시 기흥구 청덕동 486 일원,37.29784722,127.1490009,49283.0,구성동
17106,꽃내음근린공원,근린공원,경기도 용인시 기흥구 청덕동 496,37.29966594,127.1534983,81950.0,구성동
17107,도담근린공원,근린공원,경기도 용인시 기흥구 청덕동 521 일원,37.2941962,127.1454048,30534.0,구성동
17108,제31호 근린공원(양지공원),근린공원,경기도 용인시 처인구 양지면 양지리 산32-6번지 일원,37.23578482,127.2873273,67087.0,양지읍
17109,대지산근린공원,근린공원,경기도 용인시 수지구 죽전동 1212 일원,37.33043386,127.1186264,80977.0,죽전1동
17110,푸르내공원,근린공원,경기도 용인시 수지구 죽전동 1298 일원,37.32347685,127.112554,46339.0,죽전3동
17111,죽전중앙공원,근린공원,경기도 용인시 수지구 죽전동 1314 일원,37.32164475,127.1210527,79092.0,죽전3동
17112,비발디근린공원,근린공원,경기도 용인시 수지구 죽전동 1340 일원,37.32544816,127.1264739,41949.0,죽전3동
17113,정평근린공원,근린공원,경기도 용인시 수지구 풍덕천동 1033 일원,37.31717279,127.0839499,33455.4,풍덕천2동
17114,새마을근린공원,근린공원,경기도 용인시 수지구 풍덕천동 689 일원,37.32877627,127.0949135,15214.0,풍덕천1동
17115,수지근린공원,근린공원,경기도 용인시 수지구 풍덕천동 696 일원,37.32415318,127.0912003,15741.0,풍덕천2동
17116,서원근린공원,근린공원,경기도 용인시 수지구 상현동 833,37.30113642,127.0794962,19815.3,상현3동
17117,공세근린공원,근린공원,경기도 용인시 기흥구 공세동 701,37.24568857,127.11518,18696.0,기흥동
17118,관곡근린공원,근린공원,경기도 용인시 기흥구 구갈동 350,37.28174279,127.1132592,11060.0,구갈동
17119,김혁근린공원,근린공원,경기도 용인시 기흥구 구갈동 569,37.27591933,127.1278028,21920.0,구갈동
17120,강남근린공원,근린공원,경기도 용인시 기흥구 구갈동 598 일원,37.27274411,127.1295592,189796.0,구갈동
17121,농서근린공원,근린공원,경기도 용인시 기흥구 농서동 450 일원,37.23229772,127.0730898,112661.0,서농동
17122,동백꽃담 근린공원(동백지구 지구단위),근린공원,경기도 용인시 기흥구 동백동 693,37.28371816,127.1487838,18219.0,동백3동
17123,다올(1)근린공원,근린공원,경기도 용인시 기흥구 동백동 577,37.28611421,127.1577228,43678.5,동백1동
17124,산오름(4)근린공원,근린공원,경기도 용인시 기흥구 동백동 589,37.27926372,127.1645326,40383.0,동백1동
17125,내꽃(3)근린공원,근린공원,경기도 용인시 기흥구 동백동 595,37.28228497,127.1624172,10397.0,동백1동
17126,가람(2)근린공원,근린공원,경기도 용인시 기흥구 동백동 603,37.28405956,127.1560393,10037.0,동백1동
17127,새물(5-1)근린공원,근린공원,경기도 용인시 기흥구 동백동 657,37.28128998,127.1559389,23177.0,동백1동
17128,석교(5-2)근린공원,근린공원,경기도 용인시 기흥구 동백동 660 일원,37.27998756,127.1583442,10456.0,동백1동
17129,구교동근린공원,근린공원,경기도 용인시 기흥구 마북동 637,37.30308842,127.117913,6407.0,마북동
17130,마북근린공원,근린공원,경기도 용인시 기흥구 마북동 650 일원,37.29777752,127.1145296,37648.0,마북동
17131,건강마당근린공원,근린공원,경기도 용인시 기흥구 보라동 604 일원,37.250922,127.113169,45621.2,보라동
17132,생태마당근린공원,근린공원,경기도 용인시 기흥구 보라동 619 일원,37.24841567,127.1090237,87722.0,보라동
17133,소담근린공원,근린공원,경기도 용인시 기흥구 보정동 1227,37.31829652,127.1235683,31650.0,보정동
17134,큰솔근린공원,근린공원,경기도 용인시 기흥구 보정동 1269,37.31666958,127.1122078,40792.0,보정동
17135,은솔근린공원,근린공원,경기도 용인시 기흥구 보정동 1287 일원,37.30997236,127.1070788,17643.0,보정동
17136,해솔근린공원,근린공원,경기도 용인시 기흥구 보정동 1303,37.30843116,127.1124712,11065.0,보정동
17137,통삼근린공원,근린공원,경기도 용인시 기흥구 상갈동 464 일원,37.26154349,127.1111467,107190.0,상갈동
17138,용뫼근린공원,근린공원,경기도 용인시 기흥구 상갈동 495,37.26397806,127.1083241,11999.0,상갈동
17139,감중공원,어린이공원,인천광역시 서구 가좌동 157,37.49314463,126.6737637,5572.0,가좌1동
17140,당하어린이공원,어린이공원,인천광역시 서구 당하동 1067-4,37.5842079,126.6791439,1800.0,당하동
17141,가좌공원,근린공원,인천광역시 서구 가좌동 219,37.48863024,126.6812545,8939.0,가좌2동
17142,진주체육공원,체육공원,인천광역시 서구 가좌동 30-130,37.49121182,126.6808644,9106.0,가좌2동
17143,원당지구 5호 어린이공원,어린이공원,인천광역시 서구 당하동 1041,37.59058589,126.7008355,2320.0,원당동
17144,신석체육공원,체육공원,인천광역시 서구 석남동 222,37.5078633,126.6656091,33694.0,석남1동
17145,봉화공원,어린이공원,인천광역시 서구 오류동 1708-12,37.59873298,126.6366252,1741.0,오류왕길동
17146,밭고잔공원,어린이공원,인천광역시 서구 오류동 1751-8,37.59646892,126.626822,2066.0,오류왕길동
17147,마전지구6호 어린이공원,어린이공원,인천광역시 서구 마전동 75-1,37.61431762,126.6552669,1502.0,검단동
17148,마전지구5호 어린이공원,어린이공원,인천광역시 서구 마전동 산 74-1,37.61370127,126.6578739,3861.0,검단동
17149,마전지구4호 어린이공원,어린이공원,인천광역시 서구 마전동 100-9,37.61211212,126.6636616,1576.0,검단동
17150,마전지구3호 어린이공원,어린이공원,인천광역시 서구 마전동 127-1,37.61167416,126.6621117,2135.0,검단동
17151,마전지구2호 어린이공원,어린이공원,인천광역시 서구 마전동 198,37.61222651,126.664535,7446.0,검단동
17152,당하지구7호 어린이공원,어린이공원,인천광역시 서구 당하동 1087-1,37.58887806,126.6709325,2566.0,당하동
17153,당하지구6호 어린이공원,어린이공원,인천광역시 서구 당하동 1075-21,37.5911071,126.6700029,1669.0,당하동
17154,당하지구5호 어린이공원,어린이공원,인천광역시 서구 당하동 1077-10,37.59293488,126.6731833,5865.0,당하동
17155,당하지구4호 어린이공원,어린이공원,인천광역시 서구 당하동 1112-1,37.58920266,126.6780356,2456.0,당하동
17156,당하지구3호 어린이공원,어린이공원,인천광역시 서구 당하동 1099-4,37.59091115,126.6785574,2164.0,당하동
17157,당하지구2호 어린이공원,어린이공원,인천광역시 서구 마전동 1062-1,37.59492972,126.6777007,1956.0,마전동
17158,당하지구 1호공원,근린공원,인천광역시 서구 당하동 1097-1,37.59186624,126.6741366,28761.0,당하동
17159,원당지구 4호 어린이공원,어린이공원,인천광역시 서구 원당동 805-3,37.59931561,126.6984068,2950.0,원당동
17160,원당지구 3호공원,근린공원,인천광역시 서구 원당동 849,37.59811318,126.7022858,11115.0,원당동
17161,원당지구 2호공원,근린공원,인천광역시 서구 원당동 824-11,37.59444584,126.698606,10227.0,원당동
17162,원당지구 1호공원,근린공원,인천광역시 서구 원당동 811-2,37.59507942,126.6908204,18321.0,원당동
17163,불로지구5호 어린이공원,어린이공원,인천광역시 서구 불로동 803-4,37.61215454,126.689229,2253.0,불로대곡동
17164,불로지구4호 어린이공원,어린이공원,인천광역시 서구 불로동 793-2,37.6105344,126.6857177,2758.0,불로대곡동
17165,불로지구3호 어린이공원,어린이공원,인천광역시 서구 불로동 785-10,37.61215221,126.6853666,1513.0,불로대곡동
17166,물병자리공원,어린이공원,인천광역시 서구 청라동 140-3,37.53836207,126.6427153,88118.9,청라2동
17167,염소자리공원,어린이공원,인천광역시 서구 청라동 111-23,37.54049664,126.6426464,3934.3,청라2동
17168,전갈자리공원,어린이공원,인천광역시 서구 청라동 71-47,37.540271,126.6299053,2007.8,청라3동
17169,황소자리공원,어린이공원,인천광역시 서구 청라동 84-12,37.53876426,126.627701,6083.7,청라3동
17170,북두칠성공원,어린이공원,인천광역시 서구 청라동 46-50,37.5402588,126.6266205,2531.6,청라3동
17171,천칭자리공원,어린이공원,인천광역시 서구 청라동 29-33,37.5402432,126.6230541,2057.3,청라3동
17172,처녀자리공원,어린이공원,인천광역시 서구 청라동 20-1,37.54058488,126.6208535,1974.2,청라3동
17173,까투렴공원,근린공원,인천광역시 서구 청라동 8-129,37.54439514,126.6217846,21210.1,청라3동
17174,용머리공원,근린공원,인천광역시 서구 청라동 137-3,37.53565781,126.6603341,15840.5,청라1동
17175,금산공원,근린공원,인천광역시 서구 청라동 7-3,37.5551403,126.625411,12431.8,청라3동
17176,포리공원,근린공원,인천광역시 서구 청라동 178-6,37.52767778,126.6428138,14216.2,청라2동
17177,문점공원,근린공원,인천광역시 서구 청라동 105-151,37.52295456,126.6282657,12814.9,청라3동
17178,연일공원,근린공원,인천광역시 서구 청라동 116-1,37.5406974,126.6554122,30552.7,청라1동
17179,사염공원,근린공원,인천광역시 서구 청라동 9-92,37.54237626,126.6493445,85351.8,청라2동
17180,늘푸른공원,근린공원,인천광역시 서구 청라동 8-126,37.54230862,126.6235125,43329.7,청라3동
17181,소염도공원,소공원,인천광역시 서구 가좌동 585-55,37.48634578,126.6664339,1268.0,가좌1동
17182,대촌공원,근린공원,인천광역시 서구 오류동 1722-11,37.59558706,126.6336177,10875.0,오류왕길동
17183,버들공원,어린이공원,인천광역시 서구 오류동 1727-7,37.59565578,126.636467,2066.0,오류왕길동
17184,불로5호소공원,소공원,인천광역시 서구 불로동 831,37.61315197,126.6871272,546.0,불로대곡동
17185,불로4호소공원,소공원,인천광역시 서구 불로동 793-2,37.61057466,126.6857177,368.0,불로대곡동
17186,경서2공원(아라뱃길 물류단지),근린공원,인천광역시 서구 오류동 1545-4,37.56615691,126.609919,20177.0,오류왕길동
17187,경서1공원(아라뱃길 물류단지),근린공원,인천광역시 서구 오류동 1579-1,37.56143004,126.6188103,13214.0,검암경서동
17188,검암소공원,소공원,인천광역시 서구 검암동 636-6,37.5597432,126.6754821,641.0,검암경서동
17189,백석공원(마),근린공원,인천광역시 서구 오류동 1611-4,37.58971146,126.5997688,45013.0,오류왕길동
17190,한들방죽공원(라),근린공원,인천광역시 서구 오류동 1665-2,37.5904312,126.621691,10869.0,오류왕길동
17191,반월공원(나),근린공원,인천광역시 서구 오류동 1656-4,37.5944608,126.616871,10970.0,오류왕길동
17192,경서근린공원,근린공원,인천광역시 서구 경서동 996,37.55670473,126.6687691,21935.0,검암경서동
17193,청라1호공원,근린공원,인천광역시 서구 청라동 11-29,37.53152887,126.6034799,10000.0,청라3동
17196,두물머리공원,수변공원,인천광역시 서구 당하동 1278-1,37.5899664685,126.7139732342,12677.6,아라1동
17197,활력공원,문화공원,인천광역시 서구 원당동 1061,37.5926801465,126.7157705827,1791.8,아라1동
17198,아름드리공원,소공원,인천광역시 서구 당하동 1246-9,37.5889728571,126.7088426992,1275.7,아라1동
17199,광명큰나무공원,소공원,인천광역시 서구 당하동 1276-3,37.5866696025,126.7115744988,941.0,아라1동
17200,바래미공원,어린이공원,인천광역시 서구 원당동 1065-1,37.5919137059,126.7195037025,3794.0,아라1동
17201,아랫목어린이공원,어린이공원,인천광역시 서구 원당동 1001,37.6024530532,126.715066291,2159.9,아라2동
17202,웃목어린이공원,어린이공원,인천광역시 서구 원당동 1020-4,37.5965817768,126.7064081579,4699.1,아라2동
17203,재미한창공원,어린이공원,인천광역시 서구 원당동 1067-6,37.5917859475,126.7161939394,1763.9,아라1동
17204,동글동글나이테공원,어린이공원,인천광역시 서구 원당동 1094-1,37.5874640504,126.7175062391,2283.2,아라1동
17205,해든공원,어린이공원,인천광역시 서구 당하동 1318-9,37.5846194939,126.7083375375,8251.8,아라1동
17206,가람풍경공원,어린이공원,인천광역시 서구 당하동 1282-12,37.5843019103,126.7149827659,2912.3,아라1동
17207,맑은물빛공원,근린공원,인천광역시 서구 당하동 1269-3,37.5907885638,126.7012748907,32687.5,아라1동
17208,아라노을공원,근린공원,인천광역시 서구 당하동 1272-1,37.5857673884,126.7047702297,48206.9,아라1동
17209,도담공원,근린공원,인천광역시 서구 원당동 1016,37.5992788866,126.7108342297,28592.8,아라2동
17210,아라센트럴파크,근린공원,인천광역시 서구 당하동 1276,37.5881979154,126.7115268715,55690.3,아라1동
17211,새별공원,근린공원,인천광역시 서구 당하동 1310,37.5816183145,126.7175390255,34663.6,아라1동
17212,모래성공원,어린이공원,인천광역시 서구 청라동 105-68,37.5248577,126.6306565,1806.3,청라3동
17213,물방울공원,어린이공원,인천광역시 서구 청라동 104-155,37.5213691,126.6261902,2593.8,청라3동
17214,사자자리공원,어린이공원,인천광역시 서구 청라동 104-55,37.5207561,126.6239982,2580.4,청라3동
17215,물고기자리공원,어린이공원,인천광역시 서구 청라동 103-24,37.52656032,126.6272089,3806.5,청라3동
17216,흰여울공원,어린이공원,인천광역시 서구 청라동 103-4,37.5279411,126.6267344,2965.5,청라3동
17217,거울어린이공원,어린이공원,인천광역시 서구 청라동 192-2,37.5281894,126.6548912,8963.9,청라1동
17218,봉수대공원,어린이공원,인천광역시 서구 청라동 131-29,37.5383939,126.6618315,3275.9,청라1동
17219,능안어린이공원,어린이공원,인천광역시 서구 청라동 131-1,37.5399442,126.66029,1963.7,청라1동
17220,뜰어린이공원,어린이공원,인천광역시 서구 청라동 125-5,37.5376797,126.6548499,9604.6,청라1동
17221,백조자리공원,어린이공원,인천광역시 서구 청라동 144-13,37.53631142,126.642685,1544.8,청라2동
17222,승정공원,어린이공원,인천광역시 연수구 청학동 564-1,37.42583627,126.664131,1500.0,청학동
17334,정훈,어린이공원,서울특별시 금천구 독산동 378-4,37.46567731,126.9063221,1094.0,독산2동
17363,꿈나무,어린이공원,서울특별시 금천구 독산동 378-434,37.46346975,126.9049179,567.0,독산2동
17460,꽃마을,어린이공원,경기도 부천시 원미구 중동 824,37.48670561,126.767188,2518.4,중동
17495,오동도시자연공원,기타,서울특별시 강북구 번동 산27-5,37.62379857,127.0341655,327925.6,번2동
17496,미아5구역,소공원,서울특별시 강북구 송천동 476-252,37.6125192,127.0267764,856.0,길음2동
17497,어울림,소공원,서울특별시 강북구 송중동 4-1,37.6168529,127.0355326,1923.0,송중동
17498,미아9-1,어린이공원,서울특별시 강북구 송중동 1369-1,37.6207197,127.0335003,2828.0,송중동
17499,미아12-2,소공원,서울특별시 강북구 미아동 812-3,37.6167822,127.0214537,1920.0,삼각산동
17500,미아12-1,소공원,서울특별시 강북구 미아동 812-5,37.61628296,127.0195237,1637.0,삼각산동
17501,북한산근린공원,근린공원,서울특별시 강북구 미아동 산108-19,37.6210716,127.0083592,123527.6,삼양동
17502,소귀,어린이공원,서울특별시 강북구 수유3동 25-1,37.6385644,127.0186984,961.0,수유3동
17503,송중동,어린이공원,서울특별시 강북구 송중동 128-8,37.6225901,127.0286277,376.9,송중동
17504,솔밭근린공원,근린공원,서울특별시 강북구 우이동 80,37.6530083,127.012253,34955.0,우이동
17505,장미원,어린이공원,서울특별시 강북구 수유2동 276-10,37.6464688,127.0157277,340.0,수유2동
17506,빨래골,어린이공원,서울특별시 강북구 수유1동 475-115,37.6294229,127.0148533,476.0,수유1동
17507,무너미,어린이공원,서울특별시 강북구 수유동 281-2,37.6460654,127.0127414,380.0,우이동
17508,푸른,어린이공원,서울특별시 강북구 인수동 516-44,37.6384972,127.0084905,992.0,인수동
17509,꽃별,어린이공원,경기도 부천시 소사구 소사본동 401-4,37.46663698,126.8020315,4897.6,소사본1동
17622,건지공원,어린이공원,인천광역시 서구 가좌동 198-11,37.49399764,126.6794013,7988.0,가좌3동
17623,서곶공원,근린공원,인천광역시 서구 연희동 산50,37.54710428,126.6810847,151333.0,연희동
17624,석남체육공원,어린이공원,인천광역시 서구 석남동 483,37.5109009,126.6748921,10880.0,석남1동
17625,신촌공원,어린이공원,인천광역시 서구 석남동 521-1,37.50775539,126.6702832,6612.0,석남1동
17626,원신공원,근린공원,인천광역시 서구 신현동 산33,37.51562511,126.6632612,57685.0,신현원창동
17627,모통공원,어린이공원,인천광역시 서구 심곡동 301-3,37.54218954,126.6789196,3003.0,연희동
17645,향나무공원,어린이공원,인천광역시 연수구 청학동 559-2,37.425686,126.661709,1462.4,청학동
17646,장모루공원,근린공원,인천광역시 서구 검암동 594-2,37.56753728,126.6749646,5704.0,검암경서동
17647,서부산단공원,근린공원,인천광역시 서구 경서동 678,37.5554991,126.639501,14801.0,검암경서동
17648,상동공원,근린공원,인천광역시 서구 검암동 496,37.56623904,126.6779228,12475.0,검암경서동
17649,서인공원,어린이공원,인천광역시 서구 가정동 545,37.52218518,126.6860632,33837.0,가정3동
17650,샘내공원,어린이공원,인천광역시 서구 심곡동 258-6,37.54135608,126.6726703,3109.0,연희동
17651,대평공원,어린이공원,인천광역시 서구 연희동 733-3,37.54938247,126.6701658,3103.0,연희동
17652,계명공원,어린이공원,인천광역시 서구 연희동 735-2,37.54952377,126.6720153,3037.0,연희동
17653,주마공원,어린이공원,인천광역시 서구 심곡동 336-2,37.54339478,126.6714835,2831.0,연희동
17654,군도공원,어린이공원,인천광역시 서구 심곡동 330-3,37.54507039,126.6706773,2567.0,연희동
17655,절골공원,어린이공원,인천광역시 서구 심곡동 292,37.5427482,126.6825351,2451.0,연희동
17656,공촌공원,어린이공원,인천광역시 서구 공촌동 313,37.55115706,126.6844019,2400.0,연희동
17657,간촌공원,어린이공원,인천광역시 서구 연희동 707,37.54923531,126.6785431,2300.0,연희동
17658,갈마공원,어린이공원,인천광역시 서구 심곡동 238-5,37.54642692,126.6737576,2104.0,연희동
17659,새말공원,어린이공원,인천광역시 서구 심곡동 260,37.5413277,126.6754746,2104.0,연희동
17660,주자공원,어린이공원,인천광역시 서구 연희동 685,37.55028838,126.6759574,2100.0,연희동
17661,월촌공원,어린이공원,인천광역시 서구 연희동 698,37.5507274,126.6812468,2002.0,연희동
17662,녹성공원,어린이공원,인천광역시 서구 심곡동 252-1,37.54298427,126.6742632,2001.0,연희동
17663,길쌈공원,어린이공원,인천광역시 서구 연희동 688-6,37.54801021,126.6758533,1700.0,연희동
17664,갈매공원,어린이공원,인천광역시 서구 공촌동 304,37.55267952,126.6849923,1683.0,연희동
17665,용두공원,어린이공원,인천광역시 서구 심곡동 343-1,37.54124079,126.6718078,1347.0,연희동
17666,탁옥공원,어린이공원,인천광역시 서구 심곡동 290-5,37.54501705,126.6833389,1503.0,연희동
17667,심곡공원,어린이공원,인천광역시 서구 심곡동 284,37.5443051,126.6807747,1500.0,연희동
17669,인천교공원,근린공원,인천광역시 서구 가좌동 606-3,37.47555946,126.6772099,46821.0,가좌3동
17670,장고개공원,어린이공원,인천광역시 서구 가좌동 307,37.49028156,126.6877521,4278.0,가좌4동
17672,한신공원,어린이공원,인천광역시 서구 가좌동 397,37.48452032,126.6876014,3001.0,가좌4동
17673,불로지구2호 어린이공원,어린이공원,인천광역시 서구 불로동 773-8,37.6137045,126.6842508,1533.0,불로대곡동
17674,불로지구1호 어린이공원,어린이공원,인천광역시 서구 불로동 766-1,37.61423698,126.6820637,2561.0,불로대곡동
17675,금호공원(오류지구 어린이공원),어린이공원,인천광역시 서구 오류동 1765,37.59756157,126.6373716,3335.0,오류왕길동
17676,검단2지구 3호 어린이공원,어린이공원,인천광역시 서구 마전동 1007-11,37.5958847,126.6732323,1803.0,마전동
17677,검단2지구 2호 어린이공원,어린이공원,인천광역시 서구 마전동 1023,37.59558375,126.6693753,3692.0,마전동
17678,검단2지구 1호 어린이공원,어린이공원,인천광역시 서구 마전동 999-6,37.59706457,126.6705316,2297.0,마전동
17679,왕길새싹공원,어린이공원,인천광역시 서구 왕길동 634-2,37.60249879,126.651206,3309.0,오류왕길동
17680,종다리공원,어린이공원,인천광역시 서구 왕길동 641-13,37.60116273,126.6544993,2948.0,오류왕길동
17681,왕길공원,근린공원,인천광역시 서구 왕길동 649-4,37.6009358,126.6517492,11686.0,오류왕길동
17682,석남공원,어린이공원,인천광역시 서구 석남동 560-5,37.50090652,126.6779763,2290.0,석남3동
17683,검단1지구 6호 어린이공원,어린이공원,인천광역시 서구 마전동 929-1,37.604402,126.6606377,2663.0,검단동
17684,검단1지구 5호 어린이공원,어린이공원,인천광역시 서구 마전동 906,37.6059872,126.6578525,4048.0,검단동
17685,검단1지구 1호 어린이공원,어린이공원,인천광역시 서구 마전동 907,37.60502992,126.6572723,4606.0,검단동
17686,검단1지구 금곡공원,어린이공원,인천광역시 서구 금곡동 727-8,37.6056199,126.6554225,3754.0,검단동
17687,검단2지구 2호근린공원,근린공원,인천광역시 서구 마전동 994,37.60303311,126.6647548,12819.0,검단동
17688,검단2지구 1호근린공원,근린공원,인천광역시 서구 왕길동 661-3,37.59951696,126.6575727,15745.0,오류왕길동
17690,빈정공원,어린이공원,인천광역시 서구 검암동 681,37.55565876,126.6720414,6984.0,검암경서동
17691,중동공원,어린이공원,인천광역시 서구 검암동 613-5,37.56503283,126.677202,3974.0,검암경서동
17692,쑥공원(경서3호),어린이공원,인천광역시 서구 경서동 745,37.55655153,126.6537471,4205.0,검암경서동
17693,허암공원,어린이공원,인천광역시 서구 검암동 534-3,37.5650713,126.6836893,2978.0,검암경서동
17694,진포공원(경서1호),어린이공원,인천광역시 서구 경서동 719-1,37.5606277,126.651839,2780.0,검암경서동
17695,넘말공원(경서2호),어린이공원,인천광역시 서구 경서동 739,37.5576935,126.6556841,2728.0,검암경서동
17696,간재울공원,어린이공원,인천광역시 서구 검암동 607-2,37.56392844,126.6743722,2500.0,검암경서동
17697,과기공원,어린이공원,인천광역시 서구 검암동 657-2,37.5584481,126.674965,2395.0,검암경서동
17698,아랫말공원(경서4호),어린이공원,인천광역시 서구 경서동 760,37.55564913,126.655858,2237.0,검암경서동
17699,삽지공원,어린이공원,인천광역시 서구 검암동 504-1,37.56761772,126.6811448,2070.0,검암경서동
17700,검바위공원,어린이공원,인천광역시 서구 검암동 619-5,37.5625871,126.6755015,2040.0,검암경서동
18252,가로공원1호,기타,서울특별시 강서구 마곡동 797-5,37.559061,126.837242,2618.5,가양1동
18253,한다리,문화공원,서울특별시 강서구 마곡동 727-1038,37.56106,126.830369,8298.0,가양1동
18254,선두암,문화공원,서울특별시 강서구 마곡동 778-4,37.56729616,126.8382088,2581.3,가양1동
18255,똘고랑,문화공원,서울특별시 강서구 마곡동 756-4,37.57072504,126.8279071,3089.9,가양1동
18256,놋다리,문화공원,서울특별시 강서구마곡동 790-6,37.562055,126.8363266,2574.7,가양1동
18257,새개,문화공원,서울특별시 강서구마곡동 800-7,37.558287,126.8301253,3836.6,발산1동
18258,탑산(가양동),문화공원,서울특별시 강서구가양동 1499,37.566194,126.846336,3783.8,가양1동
18259,염창2,소공원,서울특별시 강서구염창동 306-1,37.551722,126.873857,272.5,염창동
18260,염창,소공원,서울특별시 강서구염창동 309-1,37.549839,126.8706462,1229.2,염창동
18261,마곡,소공원,서울특별시 강서구 마곡동 737-16,37.56758598,126.8219651,1085.2,방화1동
18262,푸른수명산,소공원,서울특별시 강서구 화곡동 1091-15,37.544175,126.830269,822.9,화곡3동
18263,마곡지구4호,근린공원,서울특별시 강서구 마곡동 811-5,37.568317,126.826463,35884.0,가양1동
18264,햇빛,어린이공원,서울특별시 강서구 내발산동 384-2,37.555822,126.826886,2066.0,발산1동
18265,솔,어린이공원,서울특별시 강서구 외발산동 69-1,37.555856,126.825767,2000.0,발산1동
18266,예솔,어린이공원,서울특별시 강서구 마곡동 397-1,37.563629,126.822694,864.0,방화1동
18267,푸르미,어린이공원,서울특별시 강서구 마곡동 316-1,37.570478,126.825219,1494.0,가양1동
18268,풀잎,어린이공원,서울특별시 강서구 공항동 705,37.556989,126.816565,1945.0,공항동
